5.875929430265059913e-03,-1.306678832836997636e-02,9.537504615592475865e-01,-2.005183013462348215e-02,3.223982160099230637e-02,6.761458937861419827e-01,7.357888612418158614e-01,-3.859986545369094579e-01,1.387891910335395038e-02,5.646694644628717091e-02,3.265521303209178994e-01,-3.870120948461835964e-02,1.620431020253827736e-02,-3.470386472414216938e-01,-1.335059353182821429e-01,-2.415561381861533741e-01,3.717816556689627627e-01,-5.762596291859545944e-02,4.404536499215126050e-02,1.662841858976118331e-02,0.000000000000000000e+00,0.000000000000000000e+00,0.000000000000000000e+00,0.000000000000000000e+00,0.000000000000000000e+00,0.000000000000000000e+00,0.000000000000000000e+00,0.000000000000000000e+00,0.000000000000000000e+00,0.000000000000000000e+00
8.703128902814273940e-03,-1.246430516058625801e-02,9.535509728140433294e-01,-2.068747255377407362e-02,3.221960296906182381e-02,6.781845304220142090e-01,7.338934993308809940e-01,-3.913582088545103921e-01,1.756867746912390421e-02,5.190841519201820631e-02,3.357487730845347129e-01,-4.063036407013626006e-02,1.237729790542523370e-02,-3.470090306418138204e-01,-1.300058132625124818e-01,-2.453227334109798763e-01,3.753552467405392168e-01,-6.417677746181721377e-02,3.976638529889829632e-02,1.872469279302223580e-02,0.000000000000000000e+00,0.000000000000000000e+00,0.000000000000000000e+00,0.000000000000000000e+00,0.000000000000000000e+00,0.000000000000000000e+00,0.000000000000000000e+00,0.000000000000000000e+00,0.000000000000000000e+00,0.000000000000000000e+00
1.159960047478745572e-02,-1.081447798933395273e-02,9.533068090106244785e-01,-2.169939690378785285e-02,3.236397036446555381e-02,6.788916685167112330e-01,7.332037997820638475e-01,-3.974236726958444432e-01,2.263299716987016152e-02,4.960627964986358274e-02,3.487718515405370256e-01,-4.482401312708701735e-02,9.329498464816021047e-03,-3.472928145770449171e-01,-1.251037534484805980e-01,-2.462210899166343836e-01,3.786471176601391431e-01,-7.094393116842120928e-02,3.567559874843660717e-02,2.125045925855195694e-02,0.000000000000000000e+00,0.000000000000000000e+00,0.000000000000000000e+00,0.000000000000000000e+00,0.000000000000000000e+00,0.000000000000000000e+00,0.000000000000000000e+00,0.000000000000000000e+00,0.000000000000000000e+00,0.000000000000000000e+00
1.408722792894551677e-02,-1.005148292985555067e-02,9.530753775152670526e-01,-2.292920354567713065e-02,3.199075612712239114e-02,6.779734317794752219e-01,7.340319263821829532e-01,-4.043306069618620158e-01,2.921641937225677443e-02,4.867634030922883548e-02,3.635384707803608340e-01,-4.939223000156820614e-02,8.480112605750008900e-03,-3.472058129839029617e-01,-1.169959940398034026e-01,-2.420399361964923335e-01,3.769740210340226660e-01,-7.606685682626276868e-02,3.083718511295278561e-02,2.190128835591806031e-02,0.000000000000000000e+00,0.000000000000000000e+00,0.000000000000000000e+00,0.000000000000000000e+00,0.000000000000000000e+00,0.000000000000000000e+00,0.000000000000000000e+00,0.000000000000000000e+00,0.000000000000000000e+00,0.000000000000000000e+00
1.863926699338695758e-02,-9.681883515263535467e-03,9.527167160984735261e-01,-2.431192544653890120e-02,3.145264127818221678e-02,6.772672463024130840e-01,7.346623297295539201e-01,-4.131996891774148417e-01,3.862055053993865283e-02,4.499805760146831368e-02,3.811690252988184646e-01,-5.233459182882811700e-02,4.857747171055830024e-03,-3.471894138203377445e-01,-1.057315500544716846e-01,-2.390055587096881762e-01,3.755120293353311767e-01,-8.342968487002862255e-02,2.328773745861845504e-02,2.513968392701628266e-02,0.000000000000000000e+00,0.000000000000000000e+00,0.000000000000000000e+00,0.000000000000000000e+00,0.000000000000000000e+00,0.000000000000000000e+00,0.000000000000000000e+00,0.000000000000000000e+00,0.000000000000000000e+00,0.000000000000000000e+00
2.309813481209371799e-02,-9.737214882242647973e-03,9.522573433926152520e-01,-2.628054244359292330e-02,3.069443090748805170e-02,6.751751403867432000e-01,7.365498725842527517e-01,-4.242333186197002615e-01,5.129391764139210053e-02,4.558742971713022202e-02,4.025691732037747772e-01,-5.473513730891722828e-02,-1.740276816618127088e-04,-3.479842950878284102e-01,-9.276579170346510583e-02,-2.358465043483709001e-01,3.724210394356407550e-01,-9.022242670250775476e-02,1.657824069677505188e-02,2.897223634806813872e-02,0.000000000000000000e+00,0.000000000000000000e+00,0.000000000000000000e+00,0.000000000000000000e+00,0.000000000000000000e+00,0.000000000000000000e+00,0.000000000000000000e+00,0.000000000000000000e+00,0.000000000000000000e+00,0.000000000000000000e+00
2.667213241573361537e-02,-1.128790773744909465e-02,9.516482274920105011e-01,-2.872026114737911279e-02,2.937313847388304047e-02,6.718430690480512446e-01,7.395534165345444277e-01,-4.385334896288894946e-01,6.461151764250833152e-02,4.428880639866174945e-02,4.274442437973909326e-01,-5.448445588634275027e-02,-3.606028108654383939e-03,-3.496516420296134076e-01,-7.759750843160304057e-02,-2.295866323123836317e-01,3.657918983543402280e-01,-9.545737880392125840e-02,9.564986905282291119e-03,3.503420446006670630e-02,0.000000000000000000e+00,0.000000000000000000e+00,0.000000000000000000e+00,0.000000000000000000e+00,0.000000000000000000e+00,0.000000000000000000e+00,0.000000000000000000e+00,0.000000000000000000e+00,0.000000000000000000e+00,0.000000000000000000e+00
3.008532435725039256e-02,-1.250273183217062364e-02,9.507640206357964585e-01,-3.118200571487930728e-02,2.741557374506244094e-02,6.669022331246269308e-01,7.439875538537010780e-01,-4.523978704111445981e-01,8.054792265063458190e-02,4.522602313977527183e-02,4.549268505723501610e-01,-4.857724637640857546e-02,-8.813541596236457165e-03,-3.515211983758741998e-01,-6.190889781656629121e-02,-2.233483286560047354e-01,3.618136286599359375e-01,-1.013681061616538703e-01,5.413856723862131570e-03,4.283909114420436648e-02,0.000000000000000000e+00,0.000000000000000000e+00,0.000000000000000000e+00,0.000000000000000000e+00,0.000000000000000000e+00,0.000000000000000000e+00,0.000000000000000000e+00,0.000000000000000000e+00,0.000000000000000000e+00,0.000000000000000000e+00
3.266955206569627235e-02,-1.381971000777310055e-02,9.496152174274219426e-01,-3.442954550275791753e-02,2.483746662860059073e-02,6.615840966699386705e-01,7.486682774643046434e-01,-4.676758114779694386e-01,9.796350566790448799e-02,4.421476519189504462e-02,4.823856336549544599e-01,-3.157052868751310942e-02,-1.505500164243631783e-02,-3.538948592687183314e-01,-4.389022314446923423e-02,-2.143241900887397078e-01,3.573720048931168236e-01,-1.059659116041010429e-01,-1.296626707829131621e-03,5.361530660707401058e-02,0.000000000000000000e+00,0.000000000000000000e+00,0.000000000000000000e+00,0.000000000000000000e+00,0.000000000000000000e+00,0.000000000000000000e+00,0.000000000000000000e+00,0.000000000000000000e+00,0.000000000000000000e+00,0.000000000000000000e+00
3.472952727130770856e-02,-1.638499471646832906e-02,9.482274760503410782e-01,-3.772557977414685987e-02,2.143937820940055444e-02,6.530501620030341181e-01,7.560705123204519706e-01,-4.807620568691720053e-01,1.183117028504480084e-01,4.401815756341253411e-02,5.055095373849176621e-01,-1.116745897508784890e-03,-2.413660481073804168e-02,-3.576466102997810093e-01,-2.327299887266127965e-02,-2.004746600797409906e-01,3.526491877772838235e-01,-1.088876092532860274e-01,-4.862319576316592902e-03,6.617889865115339498e-02,0.000000000000000000e+00,0.000000000000000000e+00,0.000000000000000000e+00,0.000000000000000000e+00,0.000000000000000000e+00,0.000000000000000000e+00,0.000000000000000000e+00,0.000000000000000000e+00,0.000000000000000000e+00,0.000000000000000000e+00
3.660774182158315487e-02,-1.926576412563679036e-02,9.469980683757970308e-01,-3.982828788032385936e-02,1.818114531778616122e-02,6.452738438944002342e-01,7.626957583631902571e-01,-4.906078726087845787e-01,1.332584399580653001e-01,3.789820146842437509e-02,5.235026659292936202e-01,3.034533044705162858e-02,-3.401444815895087598e-02,-3.606230082393188652e-01,-5.567251260644471775e-03,-1.864344300520385522e-01,3.496545702307521375e-01,-1.105230811040980587e-01,-6.404259470079314703e-03,7.854268417940860059e-02,0.000000000000000000e+00,0.000000000000000000e+00,0.000000000000000000e+00,0.000000000000000000e+00,0.000000000000000000e+00,0.000000000000000000e+00,0.000000000000000000e+00,0.000000000000000000e+00,0.000000000000000000e+00,0.000000000000000000e+00
3.670349403028003860e-02,-2.047920068553232137e-02,9.458327152612755473e-01,-4.135382555449060304e-02,1.518821480355761304e-02,6.351064033367406214e-01,7.711673201606509265e-01,-5.014645700552858854e-01,1.429956225234868261e-01,2.549605933953595638e-02,5.395017985482628564e-01,6.260369091126011254e-02,-4.422767992423658201e-02,-3.643429931753063289e-01,9.816648555934398210e-03,-1.653971530499669662e-01,3.504418570409573719e-01,-1.113675092833378288e-01,-6.610064748925084839e-03,9.040290700921438383e-02,0.000000000000000000e+00,0.000000000000000000e+00,0.000000000000000000e+00,0.000000000000000000e+00,0.000000000000000000e+00,0.000000000000000000e+00,0.000000000000000000e+00,0.000000000000000000e+00,0.000000000000000000e+00,0.000000000000000000e+00
3.711479595100642542e-02,-2.152074642998506870e-02,9.461666582584056240e-01,-3.948979227055740560e-02,1.644921357902340286e-02,6.244135400281710657e-01,7.799216054890056871e-01,-5.267437646782473504e-01,1.352563018910853954e-01,3.925736787033756725e-03,5.632725485950623723e-01,4.775096045403407624e-02,-4.393922903935830460e-02,-3.683539890293932029e-01,1.339510893764661939e-02,-1.423550211340476046e-01,3.471287380962764235e-01,-1.091471029731742454e-01,-3.332628721151438718e-03,9.967394397279494278e-02,0.000000000000000000e+00,0.000000000000000000e+00,0.000000000000000000e+00,0.000000000000000000e+00,0.000000000000000000e+00,0.000000000000000000e+00,0.000000000000000000e+00,0.000000000000000000e+00,0.000000000000000000e+00,0.000000000000000000e+00
3.690096167422995954e-02,-2.273305709317375439e-02,9.466209397091845945e-01,-3.601062283156648142e-02,1.775880099452610550e-02,6.127646750725116442e-01,7.892447738273591362e-01,-5.532535831583861308e-01,1.189918124293171259e-01,-2.575515502775449495e-02,5.871808315041568971e-01,2.204734329421066674e-02,-4.132248197875251772e-02,-3.743358303708243517e-01,1.452297495825032730e-02,-1.132332578739176365e-01,3.504275123555967153e-01,-1.080967418644407096e-01,2.032009081503121945e-03,1.070047347202669058e-01,0.000000000000000000e+00,0.000000000000000000e+00,0.000000000000000000e+00,0.000000000000000000e+00,0.000000000000000000e+00,0.000000000000000000e+00,0.000000000000000000e+00,0.000000000000000000e+00,0.000000000000000000e+00,0.000000000000000000e+00
3.609138900471537542e-02,-2.284014383970904560e-02,9.468254402805919012e-01,-3.358423732335839157e-02,1.840955638960271173e-02,5.990241158541275146e-01,7.998145384163305449e-01,-5.663440358702820365e-01,1.056258701702951774e-01,-5.306081290032978182e-02,5.842946362202249277e-01,1.076105001695763091e-02,-4.337035698996164618e-02,-3.778210809290286076e-01,1.828088561960401759e-02,-8.363337059683366437e-02,3.488482120971553302e-01,-1.033992806693083966e-01,1.037151999288719179e-02,1.109711166031929763e-01,0.000000000000000000e+00,0.000000000000000000e+00,0.000000000000000000e+00,0.000000000000000000e+00,0.000000000000000000e+00,0.000000000000000000e+00,0.000000000000000000e+00,0.000000000000000000e+00,0.000000000000000000e+00,0.000000000000000000e+00
3.377592241364944098e-02,-2.260993730779994187e-02,9.468761920603102622e-01,-3.130429581235005115e-02,1.909839066314359540e-02,5.845972214587147331e-01,8.104945287912325158e-01,-5.736496746239780897e-01,8.741684926707975201e-02,-9.137773566926603308e-02,5.648247477432493113e-01,5.400027659056977347e-03,-4.770154147270060097e-02,-3.837655607448742234e-01,2.067064588668626052e-02,-5.230815039450025655e-02,3.508341563418592157e-01,-9.850561923918041418e-02,2.100970571768283335e-02,1.145596159851649254e-01,0.000000000000000000e+00,0.000000000000000000e+00,0.000000000000000000e+00,0.000000000000000000e+00,0.000000000000000000e+00,0.000000000000000000e+00,0.000000000000000000e+00,0.000000000000000000e+00,0.000000000000000000e+00,0.000000000000000000e+00
3.174492217782989845e-02,-2.083202561335661257e-02,9.468717291479560316e-01,-2.990796707368068713e-02,2.000939025478596853e-02,5.699965349110839297e-01,8.208587503319370038e-01,-5.732735254898126964e-01,6.561602416431816520e-02,-1.403087430038042482e-01,5.345090852744474041e-01,1.950035026777020841e-03,-5.399734244264282890e-02,-3.892386277247753545e-01,2.531640065416289331e-02,-1.859077882012521998e-02,3.521092531283380733e-01,-9.215365997987341740e-02,2.917943801767781953e-02,1.152243771720610488e-01,0.000000000000000000e+00,0.000000000000000000e+00,0.000000000000000000e+00,0.000000000000000000e+00,0.000000000000000000e+00,0.000000000000000000e+00,0.000000000000000000e+00,0.000000000000000000e+00,0.000000000000000000e+00,0.000000000000000000e+00
2.974588255260495265e-02,-1.778346081580052529e-02,9.468217085910659581e-01,-2.908280753647035644e-02,2.204263813634517108e-02,5.541978854670064347e-01,8.315846416052221635e-01,-5.690064374806723668e-01,4.035469293341667485e-02,-1.982416962085420120e-01,4.983385775154630104e-01,-2.473115867207831275e-04,-6.093523873843579436e-02,-3.975890592114903477e-01,3.047246080454074635e-02,1.842386792606318796e-02,3.560038743821922202e-01,-8.904051875736387900e-02,3.632816291149549431e-02,1.135168343533195234e-01,0.000000000000000000e+00,0.000000000000000000e+00,0.000000000000000000e+00,0.000000000000000000e+00,0.000000000000000000e+00,0.000000000000000000e+00,0.000000000000000000e+00,0.000000000000000000e+00,0.000000000000000000e+00,0.000000000000000000e+00
2.536214439488114133e-02,-1.462216112587041983e-02,9.466048263633362048e-01,-2.898546548877464074e-02,2.342068287053445524e-02,5.402222411050854323e-01,8.406968803437276927e-01,-5.616481084236674137e-01,1.228190203458069674e-02,-2.597750231090520390e-01,4.604421603271144359e-01,1.050446513069493160e-03,-6.692676193488818204e-02,-4.053272342217016933e-01,3.408578806924758564e-02,5.325155750584165820e-02,3.583245068937183642e-01,-8.390187579683973385e-02,4.450166326460201077e-02,1.095002619210694583e-01,0.000000000000000000e+00,0.000000000000000000e+00,0.000000000000000000e+00,0.000000000000000000e+00,0.000000000000000000e+00,0.000000000000000000e+00,0.000000000000000000e+00,0.000000000000000000e+00,0.000000000000000000e+00,0.000000000000000000e+00
2.121431732402375217e-02,-1.031621137563379538e-02,9.462070468605633389e-01,-2.913708668031400606e-02,2.424789255429312881e-02,5.267080879981410613e-01,8.492006005201607755e-01,-5.511705261792416710e-01,-1.127749519724334515e-02,-3.130633103629855141e-01,4.313213210088863714e-01,4.117942665438072136e-03,-6.831954233937072296e-02,-4.120791554934767342e-01,3.909487847821396800e-02,8.848861395556051335e-02,3.635578010565650997e-01,-8.115666658075801343e-02,5.062854808206490587e-02,1.044607780426594773e-01,0.000000000000000000e+00,0.000000000000000000e+00,0.000000000000000000e+00,0.000000000000000000e+00,0.000000000000000000e+00,0.000000000000000000e+00,0.000000000000000000e+00,0.000000000000000000e+00,0.000000000000000000e+00,0.000000000000000000e+00
1.589323532322690913e-02,-6.130313000941270581e-03,9.458408626869593272e-01,-2.931535323540934018e-02,2.524638308974301928e-02,5.126248489984365220e-01,8.577406335221031686e-01,-5.420633733428998902e-01,-2.820569715388081614e-02,-3.492107761448116077e-01,4.138040631530016111e-01,4.287020777155564621e-03,-6.446019996426666232e-02,-4.180658114339452225e-01,4.303746506797251348e-02,1.249162724037709005e-01,3.641239917741146970e-01,-7.599830059928466830e-02,5.688662248043255265e-02,9.514964776852946615e-02,0.000000000000000000e+00,0.000000000000000000e+00,0.000000000000000000e+00,0.000000000000000000e+00,0.000000000000000000e+00,0.000000000000000000e+00,0.000000000000000000e+00,0.000000000000000000e+00,0.000000000000000000e+00,0.000000000000000000e+00
1.005285640676527315e-02,-1.599124130865828535e-03,9.455129784739566556e-01,-2.837957234588540933e-02,2.469173886666910234e-02,5.000510501586958867e-01,8.651785163423728608e-01,-5.342777907212272748e-01,-4.132416866880056494e-02,-3.637075396583629439e-01,4.135890944030141680e-01,-4.195380402954848598e-03,-5.096863749901947571e-02,-4.199024786402383858e-01,4.551548242216602036e-02,1.606713804258714240e-01,3.660860499679293723e-01,-7.091294442978293699e-02,6.173096404200927034e-02,8.294028389193879025e-02,0.000000000000000000e+00,0.000000000000000000e+00,0.000000000000000000e+00,0.000000000000000000e+00,0.000000000000000000e+00,0.000000000000000000e+00,0.000000000000000000e+00,0.000000000000000000e+00,0.000000000000000000e+00,0.000000000000000000e+00
5.001076681210734655e-03,3.621851123849585685e-03,9.454704671168311370e-01,-2.616540833893780255e-02,2.511047724867598516e-02,4.880302457718517228e-01,8.720729984070518803e-01,-5.277183838994611298e-01,-5.169720447366766419e-02,-3.589762209984244667e-01,4.198540097435948804e-01,-2.013534736489767940e-02,-3.379297503778025402e-02,-4.222063914196725332e-01,4.316549105180585155e-02,1.915911293446187769e-01,3.708415364426777550e-01,-6.823477178299432178e-02,6.732683616030739338e-02,6.871651733621655933e-02,0.000000000000000000e+00,0.000000000000000000e+00,0.000000000000000000e+00,0.000000000000000000e+00,0.000000000000000000e+00,0.000000000000000000e+00,0.000000000000000000e+00,0.000000000000000000e+00,0.000000000000000000e+00,0.000000000000000000e+00
-2.929137522844384167e-04,8.269863259878329487e-03,9.454427670192697697e-01,-2.371881481615576576e-02,2.522216591461132543e-02,4.764755363360103635e-01,8.785057333014985037e-01,-5.222478385089750486e-01,-5.754874574860543990e-02,-3.406685500716205572e-01,4.256430810285780075e-01,-3.465084150972296689e-02,-1.707899440565175883e-02,-4.241832724988741088e-01,3.937393357924481863e-02,2.188203595160152781e-01,3.743943544230398102e-01,-6.303563460056954559e-02,7.532660498555582285e-02,5.181750592882453793e-02,0.000000000000000000e+00,0.000000000000000000e+00,0.000000000000000000e+00,0.000000000000000000e+00,0.000000000000000000e+00,0.000000000000000000e+00,0.000000000000000000e+00,0.000000000000000000e+00,0.000000000000000000e+00,0.000000000000000000e+00
-3.586554914954518444e-03,1.310193728432195413e-02,9.456166242858471405e-01,-2.067996402779795351e-02,2.599780489989619164e-02,4.658391071489512703e-01,8.842456556177494820e-01,-5.150206206921394969e-01,-6.116518259213254982e-02,-3.169004531824166082e-01,4.277372000075658764e-01,-4.902915964714514574e-02,-3.736379796828051200e-03,-4.258612517257608920e-01,3.414609737826135305e-02,2.416535143358014004e-01,3.792540198307727817e-01,-6.054936214256775862e-02,8.508664966764427351e-02,3.610513346354873865e-02,0.000000000000000000e+00,0.000000000000000000e+00,0.000000000000000000e+00,0.000000000000000000e+00,0.000000000000000000e+00,0.000000000000000000e+00,0.000000000000000000e+00,0.000000000000000000e+00,0.000000000000000000e+00,0.000000000000000000e+00
-6.034191211402953683e-03,1.752694920519832361e-02,9.458516134267601627e-01,-1.790299322893094264e-02,2.806928963867350371e-02,4.557036498074562014e-01,8.895087303477062779e-01,-5.092321335611511568e-01,-6.343355854545873473e-02,-2.910324402593440496e-01,4.258023856337820323e-01,-6.106618520673748329e-02,8.084663432073367281e-03,-4.308857431128394477e-01,2.912731329611030137e-02,2.636104546793422432e-01,3.850138082673538187e-01,-5.636764114683691373e-02,9.362422883392701456e-02,1.696170039946014868e-02,0.000000000000000000e+00,0.000000000000000000e+00,0.000000000000000000e+00,0.000000000000000000e+00,0.000000000000000000e+00,0.000000000000000000e+00,0.000000000000000000e+00,0.000000000000000000e+00,0.000000000000000000e+00,0.000000000000000000e+00
-8.671006629188980630e-03,2.188474969461541922e-02,9.461102854744378732e-01,-1.505901735804402765e-02,2.991304636774108974e-02,4.459321170112600652e-01,8.944400386113466883e-01,-5.024297542823611407e-01,-6.567434278691253180e-02,-2.648779596675494008e-01,4.214140065563073967e-01,-6.933166361803091982e-02,1.816348521149913423e-02,-4.345336334763116315e-01,2.152869756388275935e-02,2.796795445172594041e-01,3.871321479355488981e-01,-4.848364918281333064e-02,1.056179430297625038e-01,-4.957686990034269187e-04,0.000000000000000000e+00,0.000000000000000000e+00,0.000000000000000000e+00,0.000000000000000000e+00,0.000000000000000000e+00,0.000000000000000000e+00,0.000000000000000000e+00,0.000000000000000000e+00,0.000000000000000000e+00,0.000000000000000000e+00
-1.098355414199118224e-02,2.671079635032265476e-02,9.463909707941268179e-01,-1.126907345369902724e-02,3.123490228001864905e-02,4.356684414687238549e-01,8.994945235915924320e-01,-4.916776740233068099e-01,-6.861893518824527249e-02,-2.367883196121045031e-01,4.144455566726649720e-01,-7.750823521639757518e-02,2.706967637777871194e-02,-4.378044769857805663e-01,1.299965002870630271e-02,2.958137253470671246e-01,3.929947486304754545e-01,-4.161221624622868376e-02,1.187411490806955516e-01,-1.848748792179254197e-02,0.000000000000000000e+00,0.000000000000000000e+00,0.000000000000000000e+00,0.000000000000000000e+00,0.000000000000000000e+00,0.000000000000000000e+00,0.000000000000000000e+00,0.000000000000000000e+00,0.000000000000000000e+00,0.000000000000000000e+00
-1.496165385549969029e-02,2.982005551708673610e-02,9.463811985844695629e-01,-8.133123886076096959e-03,3.241386719663885696e-02,4.283339613438998938e-01,9.030023317072081168e-01,-4.849425498288609804e-01,-7.410206717202656723e-02,-2.164865632226256054e-01,4.062526881538063295e-01,-8.033890686193795316e-02,3.543533737901848751e-02,-4.444554723177082112e-01,3.647020443164974285e-03,3.067494439294118358e-01,3.999734722622212413e-01,-3.236137307023465720e-02,1.314351453009432735e-01,-3.613212809488609845e-02,0.000000000000000000e+00,0.000000000000000000e+00,0.000000000000000000e+00,0.000000000000000000e+00,0.000000000000000000e+00,0.000000000000000000e+00,0.000000000000000000e+00,0.000000000000000000e+00,0.000000000000000000e+00,0.000000000000000000e+00
-1.775096166448591334e-02,3.381134206482998283e-02,9.464082229746932917e-01,-3.896443835605046396e-03,3.377689706824271026e-02,4.190916909490501330e-01,9.073070558126080654e-01,-4.739659113127904777e-01,-7.991524643117151050e-02,-1.929259903370246221e-01,3.951834287821597291e-01,-8.390627571994886680e-02,4.243474109781678050e-02,-4.510123303662180172e-01,-7.742419520088909823e-03,3.160613021492842956e-01,4.086588081977848841e-01,-2.279385087567838836e-02,1.473030721550601940e-01,-5.409623504204293110e-02,0.000000000000000000e+00,0.000000000000000000e+00,0.000000000000000000e+00,0.000000000000000000e+00,0.000000000000000000e+00,0.000000000000000000e+00,0.000000000000000000e+00,0.000000000000000000e+00,0.000000000000000000e+00,0.000000000000000000e+00
-2.238464655240662848e-02,3.641810910464691325e-02,9.462892036926420225e-01,-4.366890910437373069e-04,3.444408278695685471e-02,4.108115696345834844e-01,9.110692996243331399e-01,-4.657628249702598366e-01,-8.546480831881073104e-02,-1.721080251080493173e-01,3.838639532420767830e-01,-8.437633715667272605e-02,4.934138342211261824e-02,-4.569050636382881447e-01,-1.992026417039443123e-02,3.208980026327927781e-01,4.104113221198265604e-01,-8.635373091092357623e-03,1.622314130980725133e-01,-7.043266092507227683e-02,0.000000000000000000e+00,0.000000000000000000e+00,0.000000000000000000e+00,0.000000000000000000e+00,0.000000000000000000e+00,0.000000000000000000e+00,0.000000000000000000e+00,0.000000000000000000e+00,0.000000000000000000e+00,0.000000000000000000e+00
-2.714124808860775978e-02,3.895137303329527373e-02,9.461741430020620403e-01,2.983868087259835405e-03,3.568304010946397875e-02,4.027508267548939869e-01,9.146089813291983228e-01,-4.562620619481872475e-01,-9.032344047128149089e-02,-1.485408453088497283e-01,3.657813717870598835e-01,-8.069523178225686266e-02,5.455506011048837783e-02,-4.634023689642115529e-01,-3.358522161663401312e-02,3.238273813629502507e-01,4.089791044326949732e-01,7.912129600739524482e-03,1.756734614957484453e-01,-8.864686803582055852e-02,0.000000000000000000e+00,0.000000000000000000e+00,0.000000000000000000e+00,0.000000000000000000e+00,0.000000000000000000e+00,0.000000000000000000e+00,0.000000000000000000e+00,0.000000000000000000e+00,0.000000000000000000e+00,0.000000000000000000e+00
-3.178836657976200769e-02,4.128014000369102654e-02,9.459588226290659430e-01,6.126325584625034321e-03,3.668847046051445376e-02,3.944456889644599173e-01,9.181661193528389830e-01,-4.487101104415450736e-01,-9.587033445808050558e-02,-1.290847566171396399e-01,3.519830128078496045e-01,-7.872035162287324694e-02,5.936386458206532879e-02,-4.699760606985977640e-01,-4.661428920831674205e-02,3.248146944534475722e-01,4.066198056645794479e-01,2.392611283458443566e-02,1.882040502113632441e-01,-1.047232025272683692e-01,0.000000000000000000e+00,0.000000000000000000e+00,0.000000000000000000e+00,0.000000000000000000e+00,0.000000000000000000e+00,0.000000000000000000e+00,0.000000000000000000e+00,0.000000000000000000e+00,0.000000000000000000e+00,0.000000000000000000e+00
-3.606784748729731371e-02,4.325998876226367501e-02,9.457141887290291260e-01,9.239148245630761369e-03,3.786236301809448729e-02,3.860403737434401350e-01,9.216582389619301097e-01,-4.393013073576278460e-01,-9.989344936803884467e-02,-1.079267625251372487e-01,3.326148497879026777e-01,-7.382400282395495950e-02,6.083632569922592381e-02,-4.781470326505721791e-01,-6.153835067100028866e-02,3.172288047042554626e-01,4.048057291609871711e-01,4.038436695535109477e-02,1.995397603359533312e-01,-1.236474580948388052e-01,0.000000000000000000e+00,0.000000000000000000e+00,0.000000000000000000e+00,0.000000000000000000e+00,0.000000000000000000e+00,0.000000000000000000e+00,0.000000000000000000e+00,0.000000000000000000e+00,0.000000000000000000e+00,0.000000000000000000e+00
-4.238141374533518219e-02,4.615882525094080341e-02,9.452623201950287601e-01,1.194526416332574587e-02,3.817898748354468796e-02,3.767399115816336685e-01,9.254548690240180786e-01,-4.319013541579009297e-01,-1.052651906602800336e-01,-8.600946224197442147e-02,3.182129577993779712e-01,-7.147406734665587291e-02,6.297947439304632522e-02,-4.849822083566815989e-01,-7.819011262542323315e-02,3.082763791529964381e-01,3.987598654571893331e-01,6.019753858379572886e-02,2.110271773279367158e-01,-1.396723410909005980e-01,0.000000000000000000e+00,0.000000000000000000e+00,0.000000000000000000e+00,0.000000000000000000e+00,0.000000000000000000e+00,0.000000000000000000e+00,0.000000000000000000e+00,0.000000000000000000e+00,0.000000000000000000e+00,0.000000000000000000e+00
-4.627597223100997359e-02,4.893369874416176463e-02,9.449840284848148864e-01,1.417680040572003378e-02,3.952031866790160775e-02,3.646299447101844504e-01,9.302054429873496399e-01,-4.255579390800738881e-01,-1.070644046653152631e-01,-6.202375952797047065e-02,3.058058116084475531e-01,-6.991847895689337622e-02,6.552393896149402708e-02,-4.942712741918237063e-01,-9.338793371688991485e-02,2.923069295688578428e-01,3.928362478851847861e-01,7.389939735100192753e-02,2.190277004594088639e-01,-1.551286576671421225e-01,0.000000000000000000e+00,0.000000000000000000e+00,0.000000000000000000e+00,0.000000000000000000e+00,0.000000000000000000e+00,0.000000000000000000e+00,0.000000000000000000e+00,0.000000000000000000e+00,0.000000000000000000e+00,0.000000000000000000e+00
-5.015964657063843452e-02,5.180969487710352511e-02,9.448019006111477713e-01,1.592427212554664920e-02,4.075354758125169369e-02,3.504416843413821758e-01,9.355619657685905199e-01,-4.196041050492703706e-01,-1.067958777499159462e-01,-3.531554898253869146e-02,2.945547511424481124e-01,-7.008231739874458410e-02,6.873362952929853997e-02,-5.049578964183961682e-01,-1.097956865698786061e-01,2.669252239159211060e-01,3.864050340495229219e-01,8.409047234106327429e-02,2.229060602783658751e-01,-1.689317320388551424e-01,0.000000000000000000e+00,0.000000000000000000e+00,0.000000000000000000e+00,0.000000000000000000e+00,0.000000000000000000e+00,0.000000000000000000e+00,0.000000000000000000e+00,0.000000000000000000e+00,0.000000000000000000e+00,0.000000000000000000e+00
-5.337090662611116559e-02,5.449251949467626144e-02,9.450616821251583977e-01,1.604280602718054227e-02,4.168229888460812244e-02,3.353864612592883931e-01,9.410213259743058778e-01,-4.138131814422674748e-01,-1.014896365627549896e-01,-7.522897806988768088e-03,2.835948779004834330e-01,-7.078583490293480218e-02,7.062043352883479175e-02,-5.176296698338073154e-01,-1.274365251777573871e-01,2.231498272545307249e-01,3.838145313561916461e-01,8.369287681071974072e-02,2.168733084465107042e-01,-1.772733789538859239e-01,0.000000000000000000e+00,0.000000000000000000e+00,0.000000000000000000e+00,0.000000000000000000e+00,0.000000000000000000e+00,0.000000000000000000e+00,0.000000000000000000e+00,0.000000000000000000e+00,0.000000000000000000e+00,0.000000000000000000e+00
-5.723354145967178563e-02,5.515612155231329472e-02,9.458294276565356595e-01,1.445787794586213607e-02,4.194254887027613204e-02,3.188186329781986794e-01,9.467768858741112403e-01,-4.086395212312513570e-01,-8.953032317795502071e-02,2.270109591044227465e-02,2.710176428029633655e-01,-7.101008959449253699e-02,7.357042585209644381e-02,-5.328184560950897097e-01,-1.419614480190369288e-01,1.738848045069311676e-01,3.885823220675523881e-01,6.933563706632729640e-02,2.029419597667193875e-01,-1.817207096522102105e-01,0.000000000000000000e+00,0.000000000000000000e+00,0.000000000000000000e+00,0.000000000000000000e+00,0.000000000000000000e+00,0.000000000000000000e+00,0.000000000000000000e+00,0.000000000000000000e+00,0.000000000000000000e+00,0.000000000000000000e+00
-5.981026163088599967e-02,5.593119359424850862e-02,9.468304226404621327e-01,1.238190824836484655e-02,4.190740734654305188e-02,3.004554395323492111e-01,9.527943043558998459e-01,-4.024522339045980557e-01,-7.503786747681967517e-02,5.332956745922586006e-02,2.610989433340793475e-01,-7.199265183245361077e-02,7.615797649254704704e-02,-5.437368382552218993e-01,-1.593206610250149924e-01,1.145408126638828017e-01,3.943761896128096245e-01,5.013987778213417623e-02,1.854094659253764099e-01,-1.789646595817093178e-01,0.000000000000000000e+00,0.000000000000000000e+00,0.000000000000000000e+00,0.000000000000000000e+00,0.000000000000000000e+00,0.000000000000000000e+00,0.000000000000000000e+00,0.000000000000000000e+00,0.000000000000000000e+00,0.000000000000000000e+00
-6.337673843353101855e-02,5.556623692930404146e-02,9.475247481745422418e-01,1.108444191264113671e-02,4.161884534536125502e-02,2.823169696946628004e-01,9.583538675677305552e-01,-3.972372084467760134e-01,-6.108932530319211018e-02,8.748310554629527835e-02,2.525499277944557308e-01,-7.342300991455211201e-02,7.801065084916780634e-02,-5.504149092540500110e-01,-1.794830906873825238e-01,5.189678856098688814e-02,4.050801619155484090e-01,3.227987346455850337e-02,1.685970954796220111e-01,-1.766624153948782028e-01,0.000000000000000000e+00,0.000000000000000000e+00,0.000000000000000000e+00,0.000000000000000000e+00,0.000000000000000000e+00,0.000000000000000000e+00,0.000000000000000000e+00,0.000000000000000000e+00,0.000000000000000000e+00,0.000000000000000000e+00
-6.613643695487926577e-02,5.470513326666416598e-02,9.479560489444106564e-01,1.110328083825774456e-02,4.105390645800013200e-02,2.638609920809475429e-01,9.636226807092196367e-01,-3.891743238164293017e-01,-4.905689060277219904e-02,1.216370937489947290e-01,2.427467743628193009e-01,-7.398020602059925122e-02,7.866128437836916731e-02,-5.511759969194864883e-01,-2.009731722340382665e-01,-9.290645662138864724e-03,4.170941865241922231e-01,2.038677631821305541e-02,1.565628188554565592e-01,-1.719912155382895824e-01,0.000000000000000000e+00,0.000000000000000000e+00,0.000000000000000000e+00,0.000000000000000000e+00,0.000000000000000000e+00,0.000000000000000000e+00,0.000000000000000000e+00,0.000000000000000000e+00,0.000000000000000000e+00,0.000000000000000000e+00
-6.643361904728344036e-02,5.340122485280644066e-02,9.482470975145456116e-01,1.253459684721841549e-02,4.089579641516914721e-02,2.458487674523262279e-01,9.683639818062311777e-01,-3.787510165089292835e-01,-4.017365421365674122e-02,1.508443714860888685e-01,2.327698338213816664e-01,-7.492388177759526369e-02,8.040801771903435813e-02,-5.476825854413317485e-01,-2.187998293104164993e-01,-5.368452181714243598e-02,4.303725137604930140e-01,1.064037972618593966e-02,1.489497341407887976e-01,-1.685325016908510998e-01,0.000000000000000000e+00,0.000000000000000000e+00,0.000000000000000000e+00,0.000000000000000000e+00,0.000000000000000000e+00,0.000000000000000000e+00,0.000000000000000000e+00,0.000000000000000000e+00,0.000000000000000000e+00,0.000000000000000000e+00
-6.462653755019967527e-02,5.250609129123026686e-02,9.485496223631145751e-01,1.422935645615924782e-02,4.196894595237370823e-02,2.294248429892268015e-01,9.723170133294279927e-01,-3.673806828626923204e-01,-3.379383033974018430e-02,1.759366018621733030e-01,2.200214560781748596e-01,-7.392581015021258695e-02,8.083874642398281019e-02,-5.436896269373981960e-01,-2.343767660541503373e-01,-8.586088583614547021e-02,4.449377897848594277e-01,3.981938507089319290e-04,1.450442355592922172e-01,-1.652452802804945664e-01,0.000000000000000000e+00,0.000000000000000000e+00,0.000000000000000000e+00,0.000000000000000000e+00,0.000000000000000000e+00,0.000000000000000000e+00,0.000000000000000000e+00,0.000000000000000000e+00,0.000000000000000000e+00,0.000000000000000000e+00
-6.403904025688153534e-02,5.106379871879734855e-02,9.487060934382575139e-01,1.562658295500475233e-02,4.248895140106481033e-02,2.143190707869506162e-01,9.757140128188210859e-01,-3.599932485165640017e-01,-2.688403600496121204e-02,2.008839677876552710e-01,2.136739122009275738e-01,-7.248768364117587348e-02,8.318326966416976498e-02,-5.398004793239044030e-01,-2.479074346665789130e-01,-1.139906895016768035e-01,4.559077151986423715e-01,-5.929191810266777607e-03,1.400660984670070441e-01,-1.631490024681462314e-01,0.000000000000000000e+00,0.000000000000000000e+00,0.000000000000000000e+00,0.000000000000000000e+00,0.000000000000000000e+00,0.000000000000000000e+00,0.000000000000000000e+00,0.000000000000000000e+00,0.000000000000000000e+00,0.000000000000000000e+00
-6.381170734899070662e-02,4.973856853757078339e-02,9.488476081647864158e-01,1.698262539561051776e-02,4.306536912290664237e-02,1.980908421481652470e-01,9.790898746662692886e-01,-3.530751162686709965e-01,-2.033448181403246791e-02,2.249435464796612771e-01,2.080217611869696615e-01,-7.214119006626366903e-02,8.471548827166457130e-02,-5.354237883161665490e-01,-2.607318068905842834e-01,-1.341904726092781608e-01,4.675973490350123773e-01,-1.339890783719676487e-02,1.365063252929139548e-01,-1.589584805856742167e-01,0.000000000000000000e+00,0.000000000000000000e+00,0.000000000000000000e+00,0.000000000000000000e+00,0.000000000000000000e+00,0.000000000000000000e+00,0.000000000000000000e+00,0.000000000000000000e+00,0.000000000000000000e+00,0.000000000000000000e+00
-6.326983240262193386e-02,4.875725733089820296e-02,9.489679070573949771e-01,1.820796652959904421e-02,4.351706844742665031e-02,1.824772787581006861e-01,9.820777858426680273e-01,-3.458468000320641389e-01,-1.386712988923685663e-02,2.494771352651528051e-01,2.035969586692021882e-01,-7.297973576054932188e-02,8.535226790995516233e-02,-5.311480176911550499e-01,-2.747481567443221806e-01,-1.572690762851338131e-01,4.792513501922854857e-01,-1.932182110876915632e-02,1.337238563937497848e-01,-1.527970485713041615e-01,0.000000000000000000e+00,0.000000000000000000e+00,0.000000000000000000e+00,0.000000000000000000e+00,0.000000000000000000e+00,0.000000000000000000e+00,0.000000000000000000e+00,0.000000000000000000e+00,0.000000000000000000e+00,0.000000000000000000e+00
-6.224308225160028046e-02,4.678327507973054078e-02,9.489729639246332615e-01,2.021059402517671327e-02,4.391581842812577324e-02,1.672502502924068379e-01,9.847285344489943304e-01,-3.386461649492303883e-01,-8.264032302471994648e-03,2.725855916203094864e-01,2.001902844399794379e-01,-7.277220733869584068e-02,8.571518553883558655e-02,-5.261898256539235819e-01,-2.854435222356397350e-01,-1.790888302385994779e-01,4.892771862352990331e-01,-2.545052261770156671e-02,1.304624771404052364e-01,-1.471361784776901993e-01,0.000000000000000000e+00,0.000000000000000000e+00,0.000000000000000000e+00,0.000000000000000000e+00,0.000000000000000000e+00,0.000000000000000000e+00,0.000000000000000000e+00,0.000000000000000000e+00,0.000000000000000000e+00,0.000000000000000000e+00
-6.234185068079340503e-02,4.582904086073493616e-02,9.490888959226502219e-01,2.130418096744161535e-02,4.397105014455918864e-02,1.509280459674451069e-01,9.873365199175706541e-01,-3.300369700955617658e-01,-1.701049607088627250e-03,2.996239259899686758e-01,1.944952845554729637e-01,-7.316021789128909769e-02,8.528112049946302842e-02,-5.202535211882957089e-01,-2.963257494110251855e-01,-2.036423473050297250e-01,4.976947927121279092e-01,-3.262514621150318372e-02,1.299450813106188263e-01,-1.422355261732302645e-01,0.000000000000000000e+00,0.000000000000000000e+00,0.000000000000000000e+00,0.000000000000000000e+00,0.000000000000000000e+00,0.000000000000000000e+00,0.000000000000000000e+00,0.000000000000000000e+00,0.000000000000000000e+00,0.000000000000000000e+00
-6.257370537025774837e-02,4.457272965991351116e-02,9.492252648175710794e-01,2.206540706173118829e-02,4.370410080535831743e-02,1.374337464642488571e-01,9.893002753041135744e-01,-3.228051893085754354e-01,4.974212761726418477e-03,3.239438390095763509e-01,1.910797228819909321e-01,-7.475488150329340220e-02,8.454042046860418824e-02,-5.105423209486275038e-01,-3.049569832134724212e-01,-2.278195016895657177e-01,4.971933225437797921e-01,-3.832759008525271627e-02,1.322248590477310970e-01,-1.391668327291077367e-01,0.000000000000000000e+00,0.000000000000000000e+00,0.000000000000000000e+00,0.000000000000000000e+00,0.000000000000000000e+00,0.000000000000000000e+00,0.000000000000000000e+00,0.000000000000000000e+00,0.000000000000000000e+00,0.000000000000000000e+00
-6.203989612197441383e-02,4.238751467315299976e-02,9.493265314373580122e-01,2.336742430286690292e-02,4.323174839881482878e-02,1.228887940440401561e-01,9.912029679688372230e-01,-3.156793757678907908e-01,1.224753051558529794e-02,3.469153702738781986e-01,1.912449528528241405e-01,-7.643535812602993140e-02,8.325071408353212910e-02,-5.040523331568064203e-01,-3.075704715268011702e-01,-2.413380595802742112e-01,5.020874383891329451e-01,-4.902956801151180793e-02,1.310762867676005250e-01,-1.330329074171315018e-01,0.000000000000000000e+00,0.000000000000000000e+00,0.000000000000000000e+00,0.000000000000000000e+00,0.000000000000000000e+00,0.000000000000000000e+00,0.000000000000000000e+00,0.000000000000000000e+00,0.000000000000000000e+00,0.000000000000000000e+00
-6.234558900718391306e-02,4.090697951918408071e-02,9.495393843202106776e-01,2.411172108544484133e-02,4.254240350963005984e-02,1.099721814885652044e-01,9.927310250559143734e-01,-3.079355876755283661e-01,1.768025740809960750e-02,3.652207856759782656e-01,1.873716813467699027e-01,-7.681802867567893989e-02,8.182542489670566188e-02,-4.970482696040616211e-01,-3.087647977729566229e-01,-2.510461399380954362e-01,4.998436397304192313e-01,-5.907111919332382055e-02,1.317704936705316188e-01,-1.290218362037406918e-01,0.000000000000000000e+00,0.000000000000000000e+00,0.000000000000000000e+00,0.000000000000000000e+00,0.000000000000000000e+00,0.000000000000000000e+00,0.000000000000000000e+00,0.000000000000000000e+00,0.000000000000000000e+00,0.000000000000000000e+00
-6.112991877096425608e-02,3.869984238883791144e-02,9.499110992360734196e-01,2.462052999651155941e-02,4.219209848900725562e-02,9.543398006587312798e-02,9.942363963246215741e-01,-2.987068193211652734e-01,2.536617817774478034e-02,3.853108545298686849e-01,1.837877229552433156e-01,-7.697708549878115591e-02,8.101831799838669912e-02,-4.894731505702505370e-01,-3.032339674749883196e-01,-2.549610023331563280e-01,4.900556821129173346e-01,-6.993928373685738553e-02,1.331911211283869079e-01,-1.259701467704372191e-01,0.000000000000000000e+00,0.000000000000000000e+00,0.000000000000000000e+00,0.000000000000000000e+00,0.000000000000000000e+00,0.000000000000000000e+00,0.000000000000000000e+00,0.000000000000000000e+00,0.000000000000000000e+00,0.000000000000000000e+00
-6.019610877356688233e-02,3.666971744215376250e-02,9.502620010021382013e-01,2.461061570971380744e-02,4.190890448046390160e-02,8.522762429604001377e-02,9.951754686368067260e-01,-2.931840960593816714e-01,3.297668819071017388e-02,4.011620124861162706e-01,1.843837202153625066e-01,-7.866158897468454592e-02,7.987817549754570867e-02,-4.820183748895460196e-01,-2.971284489003389040e-01,-2.619435569317725698e-01,4.782310873409018059e-01,-7.855702722178806163e-02,1.307389386604065895e-01,-1.227357467987215678e-01,0.000000000000000000e+00,0.000000000000000000e+00,0.000000000000000000e+00,0.000000000000000000e+00,0.000000000000000000e+00,0.000000000000000000e+00,0.000000000000000000e+00,0.000000000000000000e+00,0.000000000000000000e+00,0.000000000000000000e+00
-5.786717904277942359e-02,3.509721478778115439e-02,9.508153400582810555e-01,2.404084656631332723e-02,4.103325527320968863e-02,7.138417575691927142e-02,9.963145131481139227e-01,-2.834046896041497177e-01,4.350300905376142113e-02,4.229592939788556771e-01,1.861481398691280376e-01,-8.091999522571000081e-02,7.893564392442214972e-02,-4.705324828110430402e-01,-2.858499201874894480e-01,-2.652243725317582346e-01,4.553542198647332340e-01,-8.540880967326977546e-02,1.295628601536623625e-01,-1.188630662242970981e-01,0.000000000000000000e+00,0.000000000000000000e+00,0.000000000000000000e+00,0.000000000000000000e+00,0.000000000000000000e+00,0.000000000000000000e+00,0.000000000000000000e+00,0.000000000000000000e+00,0.000000000000000000e+00,0.000000000000000000e+00
-5.659354226530799448e-02,3.287626999858091204e-02,9.513016592229448509e-01,2.337653802383287890e-02,4.030247950306666688e-02,6.028822301296495739e-02,9.970930637517558814e-01,-2.759594039068357652e-01,5.324443554220838898e-02,4.409465495489800491e-01,1.869407533080167105e-01,-8.132267301614380661e-02,8.008659337726380112e-02,-4.596430126556924067e-01,-2.744338817598006020e-01,-2.689873006258323151e-01,4.300716924734337421e-01,-8.816302917764970437e-02,1.284533681375986947e-01,-1.149705357677157092e-01,0.000000000000000000e+00,0.000000000000000000e+00,0.000000000000000000e+00,0.000000000000000000e+00,0.000000000000000000e+00,0.000000000000000000e+00,0.000000000000000000e+00,0.000000000000000000e+00,0.000000000000000000e+00,0.000000000000000000e+00
-5.488815877835521301e-02,2.943420935369785163e-02,9.517638468459980183e-01,2.272470641758487370e-02,3.937831900754792946e-02,4.735770620512936430e-02,9.978427648549453854e-01,-2.678262010404130478e-01,6.651461993254380312e-02,4.642229070928569623e-01,1.913252495229277594e-01,-8.203262433025068634e-02,7.939996035135971075e-02,-4.503008120263728986e-01,-2.594328917600407514e-01,-2.675258655265858598e-01,4.059262323509404413e-01,-9.077470267725937236e-02,1.263708307853618207e-01,-1.123456434463271925e-01,0.000000000000000000e+00,0.000000000000000000e+00,0.000000000000000000e+00,0.000000000000000000e+00,0.000000000000000000e+00,0.000000000000000000e+00,0.000000000000000000e+00,0.000000000000000000e+00,0.000000000000000000e+00,0.000000000000000000e+00
-5.355481320056219852e-02,2.613528754371565593e-02,9.519613482225293133e-01,2.321549729235723031e-02,3.768512645650578391e-02,3.264102280291573954e-02,9.984865725485767562e-01,-2.567048440242700735e-01,7.630608695647052298e-02,4.874116965828846348e-01,1.940355867986682248e-01,-8.334899371223848663e-02,8.098161491405021783e-02,-4.461030010367880716e-01,-2.480332388231827057e-01,-2.622214004576450819e-01,3.926504711488107979e-01,-9.486148683831693851e-02,1.275594885145658886e-01,-1.141759195300509067e-01,0.000000000000000000e+00,0.000000000000000000e+00,0.000000000000000000e+00,0.000000000000000000e+00,0.000000000000000000e+00,0.000000000000000000e+00,0.000000000000000000e+00,0.000000000000000000e+00,0.000000000000000000e+00,0.000000000000000000e+00
-5.167606041744559481e-02,2.196210157894578838e-02,9.521974640138584078e-01,2.309289084289740945e-02,3.665054822660120115e-02,2.147155758761716896e-02,9.988305301310970163e-01,-2.486714726265056852e-01,8.760039785430054349e-02,5.046281581913278913e-01,1.984128041625831118e-01,-8.287802267858314365e-02,8.025053152578523474e-02,-4.402002190815770266e-01,-2.352723135276733046e-01,-2.585899346037890956e-01,3.785577226655665317e-01,-9.853697106408512707e-02,1.262898762873223557e-01,-1.143097148871809882e-01,0.000000000000000000e+00,0.000000000000000000e+00,0.000000000000000000e+00,0.000000000000000000e+00,0.000000000000000000e+00,0.000000000000000000e+00,0.000000000000000000e+00,0.000000000000000000e+00,0.000000000000000000e+00,0.000000000000000000e+00
-5.063354050484514951e-02,1.838001907209245445e-02,9.523706178658387644e-01,2.309208592578670949e-02,3.525226935322037930e-02,9.997944584317852712e-03,9.990615967882718884e-01,-2.380525218843994040e-01,9.619949699819294042e-02,5.220033787191497021e-01,1.970604334958866166e-01,-8.029443737005895199e-02,7.948418388041386673e-02,-4.357657365490860135e-01,-2.231110288328890245e-01,-2.521580307176586322e-01,3.661167970327565135e-01,-9.984444771727844781e-02,1.235046266532775217e-01,-1.160750403858949453e-01,0.000000000000000000e+00,0.000000000000000000e+00,0.000000000000000000e+00,0.000000000000000000e+00,0.000000000000000000e+00,0.000000000000000000e+00,0.000000000000000000e+00,0.000000000000000000e+00,0.000000000000000000e+00,0.000000000000000000e+00
-4.955022411506000701e-02,1.554097192668024707e-02,9.523936951574354381e-01,2.325159600257964421e-02,3.460163556316265404e-02,1.519214287886670733e-04,9.991306556299655028e-01,-2.320339562944238321e-01,1.037406963286784528e-01,5.357497454418754801e-01,2.011658878264194483e-01,-8.124794524181008781e-02,7.990435831290453039e-02,-4.351313696898482797e-01,-2.143122626663444275e-01,-2.467688575124223349e-01,3.603913184867414965e-01,-1.023360141501614418e-01,1.212064821669062709e-01,-1.216084405558263692e-01,0.000000000000000000e+00,0.000000000000000000e+00,0.000000000000000000e+00,0.000000000000000000e+00,0.000000000000000000e+00,0.000000000000000000e+00,0.000000000000000000e+00,0.000000000000000000e+00,0.000000000000000000e+00,0.000000000000000000e+00
-4.761711062806607553e-02,1.061983853409939269e-02,9.524022846192033986e-01,2.295954112535909461e-02,3.210194671997564086e-02,-9.154697236319630366e-03,9.991789209178759679e-01,-2.262041442001554159e-01,1.182644551377234066e-01,5.482420974659449886e-01,2.185975249262433195e-01,-8.698513215201743309e-02,7.873475751439876213e-02,-4.313751707012457581e-01,-2.022904609605747084e-01,-2.407375120671808866e-01,3.609099576876559357e-01,-1.106391861722505338e-01,1.155223174552860582e-01,-1.255731196927621640e-01,0.000000000000000000e+00,0.000000000000000000e+00,0.000000000000000000e+00,0.000000000000000000e+00,0.000000000000000000e+00,0.000000000000000000e+00,0.000000000000000000e+00,0.000000000000000000e+00,0.000000000000000000e+00,0.000000000000000000e+00
-4.475885611759383709e-02,4.987507825614921446e-03,9.524373935950561920e-01,2.244244193980255223e-02,3.194439941679482614e-02,-1.809740710863333782e-02,9.990737590396527867e-01,-2.206342733404419165e-01,1.328036413744558830e-01,5.639014558419630507e-01,2.282392080609355611e-01,-8.643461207902994325e-02,7.504839404043869844e-02,-4.292115697924674400e-01,-1.899965534823392921e-01,-2.399590374423997419e-01,3.581753539809026110e-01,-1.182987228105665672e-01,1.113319223951320519e-01,-1.298384986183482304e-01,0.000000000000000000e+00,0.000000000000000000e+00,0.000000000000000000e+00,0.000000000000000000e+00,0.000000000000000000e+00,0.000000000000000000e+00,0.000000000000000000e+00,0.000000000000000000e+00,0.000000000000000000e+00,0.000000000000000000e+00
-4.180746323961245098e-02,-1.427730198365650179e-03,9.524198160430754623e-01,2.118601300812009494e-02,2.970710713293719593e-02,-2.826157140740231596e-02,9.989343943523993907e-01,-2.134552723720344602e-01,1.517586488802951383e-01,5.752456076719622002e-01,2.468801376593111607e-01,-9.020949805736530602e-02,7.126757347971034162e-02,-4.215973600591263470e-01,-1.741162544328552775e-01,-2.375887380982885377e-01,3.541736528777310045e-01,-1.272787032468164214e-01,1.089324579332553028e-01,-1.316622504868575627e-01,0.000000000000000000e+00,0.000000000000000000e+00,0.000000000000000000e+00,0.000000000000000000e+00,0.000000000000000000e+00,0.000000000000000000e+00,0.000000000000000000e+00,0.000000000000000000e+00,0.000000000000000000e+00,0.000000000000000000e+00
-3.936164054208476926e-02,-8.282446096138420741e-03,9.522664475766928760e-01,1.994071103531054254e-02,2.929857334582262884e-02,-3.667655252047926501e-02,9.986985491821428473e-01,-2.096901548854215869e-01,1.703010574942030730e-01,5.865545066328179402e-01,2.611993365976998938e-01,-8.782399527978632103e-02,6.624708561694454823e-02,-4.175457742535093608e-01,-1.582972894483217208e-01,-2.359150649596561955e-01,3.496076091324835100e-01,-1.353021661466455861e-01,1.051551235535975182e-01,-1.357453464475613936e-01,0.000000000000000000e+00,0.000000000000000000e+00,0.000000000000000000e+00,0.000000000000000000e+00,0.000000000000000000e+00,0.000000000000000000e+00,0.000000000000000000e+00,0.000000000000000000e+00,0.000000000000000000e+00,0.000000000000000000e+00
-3.866804148956265452e-02,-1.349959649540849980e-02,9.519313432567878541e-01,1.789735771567596209e-02,2.640620890542342072e-02,-4.649027854324058739e-02,9.984092601328428129e-01,-2.076090809007446747e-01,1.920757142101814641e-01,5.951904425914433805e-01,2.899021686375173879e-01,-9.603548229522149149e-02,6.362583561091247897e-02,-4.084341423626723921e-01,-1.415913603257149267e-01,-2.320307481879258782e-01,3.402916032609937802e-01,-1.380085912502932999e-01,1.069420589699814073e-01,-1.363689222060253670e-01,0.000000000000000000e+00,0.000000000000000000e+00,0.000000000000000000e+00,0.000000000000000000e+00,0.000000000000000000e+00,0.000000000000000000e+00,0.000000000000000000e+00,0.000000000000000000e+00,0.000000000000000000e+00,0.000000000000000000e+00
-3.890010622296344311e-02,-1.897307083242878722e-02,9.515650305555565236e-01,1.508520450377967559e-02,2.465164025547838048e-02,-5.475458992066502273e-02,9.980814937270463538e-01,-2.093516511344626352e-01,2.167346394602249759e-01,6.044466223250926085e-01,3.185809223047653127e-01,-9.931410473440498154e-02,5.943045599168066129e-02,-3.966352867225068635e-01,-1.229030913295669353e-01,-2.330065079508558679e-01,3.203591038713017314e-01,-1.353955829340943440e-01,1.097728520137540853e-01,-1.357518696261079960e-01,0.000000000000000000e+00,0.000000000000000000e+00,0.000000000000000000e+00,0.000000000000000000e+00,0.000000000000000000e+00,0.000000000000000000e+00,0.000000000000000000e+00,0.000000000000000000e+00,0.000000000000000000e+00,0.000000000000000000e+00
-3.803425408998190038e-02,-2.587689843183076793e-02,9.508475831479993312e-01,1.151543809141770611e-02,2.326699122732518721e-02,-6.324967018444671574e-02,9.976600227664472742e-01,-2.144236948249778063e-01,2.468980931326560657e-01,6.078369902885378817e-01,3.560983726779508585e-01,-9.992463752314149905e-02,5.602269596577519328e-02,-3.862419942769370063e-01,-1.006957405240242465e-01,-2.321498066096527035e-01,3.054249035104051324e-01,-1.364964181708819557e-01,1.093883981401938404e-01,-1.344032830345275320e-01,0.000000000000000000e+00,0.000000000000000000e+00,0.000000000000000000e+00,0.000000000000000000e+00,0.000000000000000000e+00,0.000000000000000000e+00,0.000000000000000000e+00,0.000000000000000000e+00,0.000000000000000000e+00,0.000000000000000000e+00
-3.581938700536643067e-02,-3.073110904109336086e-02,9.499348688801176888e-01,6.856874973947144937e-03,2.306436777739156313e-02,-7.272329858196105445e-02,9.970618536720673442e-01,-2.231960527588882637e-01,2.787660646485932148e-01,6.090960962310357774e-01,4.009671155390344133e-01,-1.000958782911500061e-01,5.701170049759320818e-02,-3.759208402842937891e-01,-7.764947805541017045e-02,-2.287877500779541273e-01,2.877594360246977234e-01,-1.360784024611880472e-01,1.092993078387547168e-01,-1.310343496224503634e-01,0.000000000000000000e+00,0.000000000000000000e+00,0.000000000000000000e+00,0.000000000000000000e+00,0.000000000000000000e+00,0.000000000000000000e+00,0.000000000000000000e+00,0.000000000000000000e+00,0.000000000000000000e+00,0.000000000000000000e+00
-3.505450192276978599e-02,-3.696951563227054982e-02,9.485993227347203627e-01,1.682288870541355681e-03,2.179794185196792800e-02,-8.169746527962945537e-02,9.964173542256565819e-01,-2.341081239188910756e-01,3.117261179013534056e-01,5.988200794475240230e-01,4.463297791841734918e-01,-9.035585075809360323e-02,6.135109580751742231e-02,-3.654247299645510538e-01,-5.160165343948479311e-02,-2.238809677992077696e-01,2.722393504586221868e-01,-1.353854930692884873e-01,1.063793311139754477e-01,-1.238357990213111021e-01,0.000000000000000000e+00,0.000000000000000000e+00,0.000000000000000000e+00,0.000000000000000000e+00,0.000000000000000000e+00,0.000000000000000000e+00,0.000000000000000000e+00,0.000000000000000000e+00,0.000000000000000000e+00,0.000000000000000000e+00
-3.421829056820736153e-02,-4.224521734003077594e-02,9.471262502292794316e-01,-3.694067890076804025e-03,2.129476657156745972e-02,-9.104160861275599481e-02,9.956125311989031390e-01,-2.454484231670378547e-01,3.417034093277733775e-01,5.856375959956816590e-01,4.869685747744643134e-01,-7.443449897173930185e-02,6.679392125438027294e-02,-3.574857633921324496e-01,-2.555090401735773953e-02,-2.149331065087674297e-01,2.580556735687071224e-01,-1.338942626806865210e-01,1.017637741137912971e-01,-1.166590565507253097e-01,0.000000000000000000e+00,0.000000000000000000e+00,0.000000000000000000e+00,0.000000000000000000e+00,0.000000000000000000e+00,0.000000000000000000e+00,0.000000000000000000e+00,0.000000000000000000e+00,0.000000000000000000e+00,0.000000000000000000e+00
-3.066056226867425877e-02,-4.670240396755770407e-02,9.454640354293138982e-01,-1.019889204505338050e-02,2.206929819233627646e-02,-9.957788607247830548e-02,9.947327144935403931e-01,-2.585575224409980555e-01,3.715553881346608800e-01,5.667866291926857425e-01,5.284731438465464226e-01,-4.908926746967183508e-02,7.416931066585155663e-02,-3.498687390314944023e-01,6.894640537122524032e-04,-2.076842322490813908e-01,2.471554898628155472e-01,-1.344810478618876093e-01,9.298529232990689064e-02,-1.085475709516288412e-01,0.000000000000000000e+00,0.000000000000000000e+00,0.000000000000000000e+00,0.000000000000000000e+00,0.000000000000000000e+00,0.000000000000000000e+00,0.000000000000000000e+00,0.000000000000000000e+00,0.000000000000000000e+00,0.000000000000000000e+00
-2.914847510566532379e-02,-4.960043087555595503e-02,9.437859019306914510e-01,-1.591047478105527685e-02,2.114862856399682065e-02,-1.103065316309923549e-01,9.935451984593576258e-01,-2.659408561602268906e-01,3.937936511645118709e-01,5.476623290863498195e-01,5.597007161253280128e-01,-1.720631695926000751e-02,8.096551374374885701e-02,-3.417660119071676550e-01,2.423548364343915823e-02,-1.956804465031809215e-01,2.354812862899359482e-01,-1.309937262321242690e-01,8.731245431824614933e-02,-9.960101080041677823e-02,0.000000000000000000e+00,0.000000000000000000e+00,0.000000000000000000e+00,0.000000000000000000e+00,0.000000000000000000e+00,0.000000000000000000e+00,0.000000000000000000e+00,0.000000000000000000e+00,0.000000000000000000e+00,0.000000000000000000e+00
-2.794548184506669142e-02,-5.311755370047301084e-02,9.420761952997691591e-01,-2.144714045233595684e-02,2.076121641185232208e-02,-1.202158331414436843e-01,9.922989194399165491e-01,-2.733012056535855661e-01,4.153479484255966359e-01,5.296926005523083791e-01,5.858569900862383717e-01,2.536736817854361864e-02,8.303549703058898945e-02,-3.347878580707150387e-01,4.809539624082568438e-02,-1.829313866624381890e-01,2.245170241439752024e-01,-1.287497896560561850e-01,8.056209552392151751e-02,-9.172172741202627710e-02,0.000000000000000000e+00,0.000000000000000000e+00,0.000000000000000000e+00,0.000000000000000000e+00,0.000000000000000000e+00,0.000000000000000000e+00,0.000000000000000000e+00,0.000000000000000000e+00,0.000000000000000000e+00,0.000000000000000000e+00
-2.558963841607291012e-02,-5.465710232988987838e-02,9.405557215477511335e-01,-2.681386327566335354e-02,2.093214522619465945e-02,-1.308327903016117122e-01,9.908206916563445654e-01,-2.799189877070038523e-01,4.296743119573677161e-01,5.072312739711555274e-01,6.070970626544348603e-01,6.855302560849263482e-02,8.091009395943449256e-02,-3.279781253687376052e-01,6.881794239190031082e-02,-1.685795164829454462e-01,2.134529306166609297e-01,-1.257179011240849298e-01,7.608992704657642492e-02,-8.278017184282454588e-02,0.000000000000000000e+00,0.000000000000000000e+00,0.000000000000000000e+00,0.000000000000000000e+00,0.000000000000000000e+00,0.000000000000000000e+00,0.000000000000000000e+00,0.000000000000000000e+00,0.000000000000000000e+00,0.000000000000000000e+00
-2.446001950468872782e-02,-5.628901378547367801e-02,9.392218477618677897e-01,-3.108734113916961431e-02,2.083100096857879238e-02,-1.406956294171796684e-01,9.893454333459302807e-01,-2.876518228141160538e-01,4.396864220877171325e-01,4.858296118271308028e-01,6.255530878234485392e-01,1.092062268436971573e-01,7.596233690605523614e-02,-3.227227530021581914e-01,8.611260444600613018e-02,-1.569155426051085656e-01,2.044437324469240980e-01,-1.214876116146566959e-01,7.330828092100016846e-02,-7.388092342822145941e-02,0.000000000000000000e+00,0.000000000000000000e+00,0.000000000000000000e+00,0.000000000000000000e+00,0.000000000000000000e+00,0.000000000000000000e+00,0.000000000000000000e+00,0.000000000000000000e+00,0.000000000000000000e+00,0.000000000000000000e+00
-2.336794726560789334e-02,-5.780970059127500671e-02,9.382463446600837198e-01,-3.423163295645791082e-02,2.284181265694750981e-02,-1.487343056726847523e-01,9.880205226693130616e-01,-3.039650536141949022e-01,4.459990867041014329e-01,4.642608072555841070e-01,6.439468319634253923e-01,1.419655246664343062e-01,6.882129760253355433e-02,-3.211935736150582921e-01,1.009190202975066980e-01,-1.454080990173182431e-01,1.937074692173939849e-01,-1.161737364493616309e-01,6.892717736358032476e-02,-6.835927569073656229e-02,0.000000000000000000e+00,0.000000000000000000e+00,0.000000000000000000e+00,0.000000000000000000e+00,0.000000000000000000e+00,0.000000000000000000e+00,0.000000000000000000e+00,0.000000000000000000e+00,0.000000000000000000e+00,0.000000000000000000e+00
-2.215394506790378110e-02,-5.746557375180678245e-02,9.378797785040858814e-01,-3.593093134825835200e-02,2.391053423269691100e-02,-1.603812630295886055e-01,9.861111017497907749e-01,-3.201844693233352190e-01,4.394178038279349385e-01,4.370047082500647662e-01,6.606536950694260613e-01,1.542920615978480847e-01,5.928941460241290984e-02,-3.192258245923400573e-01,1.110903999580651058e-01,-1.286255134729906713e-01,1.837819747702975071e-01,-1.101270001241500818e-01,6.925392466505625455e-02,-6.052746325637770042e-02,0.000000000000000000e+00,0.000000000000000000e+00,0.000000000000000000e+00,0.000000000000000000e+00,0.000000000000000000e+00,0.000000000000000000e+00,0.000000000000000000e+00,0.000000000000000000e+00,0.000000000000000000e+00,0.000000000000000000e+00
-1.897567727856784570e-02,-5.866324335469802476e-02,9.376932251954160913e-01,-3.682853917765840923e-02,2.458288923885813479e-02,-1.723707155010860970e-01,9.840364204115372715e-01,-3.378781828499100581e-01,4.295143711520573171e-01,4.085573620033484676e-01,6.737966074740114886e-01,1.618682306140337146e-01,4.961295393076100430e-02,-3.181661316023583486e-01,1.198996446008076810e-01,-1.114381413388610131e-01,1.833557485355475081e-01,-1.111745498908852103e-01,6.731653524949973710e-02,-5.098036538221029090e-02,0.000000000000000000e+00,0.000000000000000000e+00,0.000000000000000000e+00,0.000000000000000000e+00,0.000000000000000000e+00,0.000000000000000000e+00,0.000000000000000000e+00,0.000000000000000000e+00,0.000000000000000000e+00,0.000000000000000000e+00
-1.706640466069125200e-02,-5.739617881875849759e-02,9.383581001650075359e-01,-3.534092606169538658e-02,2.420709670051862314e-02,-1.871396634824015748e-01,9.813988902409280790e-01,-3.653213344273488761e-01,4.033529922065697826e-01,3.708084325722025842e-01,6.912503858872711682e-01,1.304257154394167506e-01,4.040015267090438927e-02,-3.199297593330983625e-01,1.223516241731264498e-01,-8.533409573854457142e-02,1.853158302435181370e-01,-1.104411129207756581e-01,6.780412250406420149e-02,-3.902025980736213706e-02,0.000000000000000000e+00,0.000000000000000000e+00,0.000000000000000000e+00,0.000000000000000000e+00,0.000000000000000000e+00,0.000000000000000000e+00,0.000000000000000000e+00,0.000000000000000000e+00,0.000000000000000000e+00,0.000000000000000000e+00
-1.592465063249437485e-02,-5.572143099297828528e-02,9.394621476975272278e-01,-3.157993517564611913e-02,2.440910983273206214e-02,-2.031178363694666755e-01,9.783404558741605195e-01,-4.022253811034378068e-01,3.675749068418131538e-01,3.276940032881243137e-01,7.096881350970258850e-01,7.619467590121650757e-02,2.976950730999913114e-02,-3.247363676577504910e-01,1.207077123000270397e-01,-5.524536663356931915e-02,1.857671415481320365e-01,-1.074325248900971225e-01,7.080487849824620983e-02,-2.568612241142737007e-02,0.000000000000000000e+00,0.000000000000000000e+00,0.000000000000000000e+00,0.000000000000000000e+00,0.000000000000000000e+00,0.000000000000000000e+00,0.000000000000000000e+00,0.000000000000000000e+00,0.000000000000000000e+00,0.000000000000000000e+00
-1.365079092475276687e-02,-5.435392136580863981e-02,9.405487758490820305e-01,-2.744504910344689602e-02,2.552365180091045044e-02,-2.183799161794900967e-01,9.751438482028648158e-01,-4.391818121783467310e-01,3.320590931471829044e-01,2.872413048560182869e-01,7.234125627106822165e-01,2.254323588117124536e-02,2.079009440018879384e-02,-3.301645732906746677e-01,1.180307186708798584e-01,-2.670988762626601981e-02,1.858388644071611029e-01,-1.053146251996029403e-01,7.401391166941743982e-02,-1.166621121327710529e-02,0.000000000000000000e+00,0.000000000000000000e+00,0.000000000000000000e+00,0.000000000000000000e+00,0.000000000000000000e+00,0.000000000000000000e+00,0.000000000000000000e+00,0.000000000000000000e+00,0.000000000000000000e+00,0.000000000000000000e+00
-1.282177834172803892e-02,-5.232471480503141786e-02,9.412475201855361462e-01,-2.398149347059358796e-02,2.486884326004755799e-02,-2.324903884049173419e-01,9.719849010685083224e-01,-4.646106417344226802e-01,3.031486969067446191e-01,2.599684028614120956e-01,7.263726634843241659e-01,-2.043141990998961766e-02,1.787163212866071590e-02,-3.343014576313276809e-01,1.149041446834723063e-01,-2.475267256712154751e-03,1.877139718958455161e-01,-1.022042081769389266e-01,7.808835903474534157e-02,-1.062215119639640243e-03,0.000000000000000000e+00,0.000000000000000000e+00,0.000000000000000000e+00,0.000000000000000000e+00,0.000000000000000000e+00,0.000000000000000000e+00,0.000000000000000000e+00,0.000000000000000000e+00,0.000000000000000000e+00,0.000000000000000000e+00
-1.109289435243980028e-02,-5.063432167631742170e-02,9.415435186754067542e-01,-2.177060159454285992e-02,2.488583559960513142e-02,-2.438679027928279952e-01,9.692446451129606011e-01,-4.832912169074367048e-01,2.821746494405741323e-01,2.397339230773242735e-01,7.112059454594266139e-01,-3.760579624132339566e-02,1.276928361959928267e-02,-3.374319732161801255e-01,1.132723826697441261e-01,1.680912146742772478e-02,1.888679713618564848e-01,-1.005414461428343065e-01,8.225781093252315657e-02,9.267293637877462020e-03,0.000000000000000000e+00,0.000000000000000000e+00,0.000000000000000000e+00,0.000000000000000000e+00,0.000000000000000000e+00,0.000000000000000000e+00,0.000000000000000000e+00,0.000000000000000000e+00,0.000000000000000000e+00,0.000000000000000000e+00
-1.005663734410288529e-02,-4.826286969381587966e-02,9.416959721199610334e-01,-1.987273340926984724e-02,2.369239940932709246e-02,-2.560343505816218279e-01,9.661729431107664023e-01,-4.974038321345705116e-01,2.607687135379642696e-01,2.213850709194414290e-01,6.887726592740387455e-01,-4.988337650376584859e-02,7.177653923228910840e-03,-3.383609658612289350e-01,1.112882275721824160e-01,3.555339607314524086e-02,1.880362910806803456e-01,-9.631335649511089947e-02,8.919148838235589627e-02,1.751571709575239222e-02,0.000000000000000000e+00,0.000000000000000000e+00,0.000000000000000000e+00,0.000000000000000000e+00,0.000000000000000000e+00,0.000000000000000000e+00,0.000000000000000000e+00,0.000000000000000000e+00,0.000000000000000000e+00,0.000000000000000000e+00
-9.465431287344838740e-03,-4.582220454680309418e-02,9.419479703533628623e-01,-1.704335225653329233e-02,2.284295896286307748e-02,-2.668481353356497165e-01,9.633170796978364203e-01,-5.100130536129745540e-01,2.375489473910593619e-01,2.004795267410457438e-01,6.578910010111177487e-01,-6.403399356696268252e-02,1.761697275774180838e-03,-3.424766744368812899e-01,1.071941930826677131e-01,5.331356280782048596e-02,1.900548689700769234e-01,-9.337041437582191405e-02,9.517221704554829076e-02,2.317817257673799453e-02,0.000000000000000000e+00,0.000000000000000000e+00,0.000000000000000000e+00,0.000000000000000000e+00,0.000000000000000000e+00,0.000000000000000000e+00,0.000000000000000000e+00,0.000000000000000000e+00,0.000000000000000000e+00,0.000000000000000000e+00
-8.758380350722457658e-03,-4.263950799329929015e-02,9.421874117547691663e-01,-1.367348177263566326e-02,2.148528278850212261e-02,-2.801270026294761517e-01,9.596250730975808274e-01,-5.193235065880783541e-01,2.120847924309559596e-01,1.744995970469224167e-01,6.178717805491305004e-01,-7.569174661433640539e-02,-4.833412007251045722e-03,-3.464789976135532745e-01,1.018287228154346469e-01,7.416771448075173967e-02,1.907108208086444878e-01,-8.786275065665341555e-02,1.042241824873023220e-01,2.864155614418920776e-02,0.000000000000000000e+00,0.000000000000000000e+00,0.000000000000000000e+00,0.000000000000000000e+00,0.000000000000000000e+00,0.000000000000000000e+00,0.000000000000000000e+00,0.000000000000000000e+00,0.000000000000000000e+00,0.000000000000000000e+00
-8.396514554684538639e-03,-4.144332087780795010e-02,9.422727119727888345e-01,-1.062479302510025564e-02,2.044767706570334645e-02,-2.910107293340840617e-01,9.564422416896041224e-01,-5.265189083306197615e-01,1.904978522011588071e-01,1.483398820041100241e-01,5.753765114155312554e-01,-7.893015141221504383e-02,-1.347939083162581937e-02,-3.488406231567443005e-01,9.788807452421177668e-02,8.800362774595218984e-02,1.895747373288864113e-01,-8.317488761217009530e-02,1.126451623164878707e-01,3.175680821907710116e-02,0.000000000000000000e+00,0.000000000000000000e+00,0.000000000000000000e+00,0.000000000000000000e+00,0.000000000000000000e+00,0.000000000000000000e+00,0.000000000000000000e+00,0.000000000000000000e+00,0.000000000000000000e+00,0.000000000000000000e+00
-5.196322236209818812e-03,-4.134596161508097972e-02,9.423426599685293947e-01,-7.993741657476020196e-03,2.074908318009512781e-02,-3.037767846887131085e-01,9.524837220266213489e-01,-5.311589015582292017e-01,1.746590731390027518e-01,1.203008805131340342e-01,5.371317593558039283e-01,-7.886998553100899034e-02,-2.188536193936659394e-02,-3.494325224843062294e-01,9.589921538391142641e-02,1.040019906613333101e-01,1.860931489991256016e-01,-7.964835277145018710e-02,1.192348012639782573e-01,3.294027190916429954e-02,0.000000000000000000e+00,0.000000000000000000e+00,0.000000000000000000e+00,0.000000000000000000e+00,0.000000000000000000e+00,0.000000000000000000e+00,0.000000000000000000e+00,0.000000000000000000e+00,0.000000000000000000e+00,0.000000000000000000e+00
-3.849336933043576939e-03,-4.072920958160710508e-02,9.419679161294430836e-01,-6.734512842243894210e-03,2.004400889506518721e-02,-3.168192716111674079e-01,9.482501954547443157e-01,-5.289759025521342251e-01,1.609718577128892714e-01,9.036107770747933698e-02,5.061000531075590114e-01,-7.546170798438346650e-02,-2.736351447548437607e-02,-3.498651292802571477e-01,9.759424634517822883e-02,1.216192558892112557e-01,1.837294900608676673e-01,-7.816332338963068171e-02,1.263470547896887175e-01,3.343030276477063079e-02,0.000000000000000000e+00,0.000000000000000000e+00,0.000000000000000000e+00,0.000000000000000000e+00,0.000000000000000000e+00,0.000000000000000000e+00,0.000000000000000000e+00,0.000000000000000000e+00,0.000000000000000000e+00,0.000000000000000000e+00
-1.945136120414726888e-03,-4.023069556104114791e-02,9.417563779369566568e-01,-5.087585106135958900e-03,2.001226596029790500e-02,-3.282227297253149101e-01,9.443746424913072035e-01,-5.258237623070807221e-01,1.463601868984720500e-01,6.323373908606486071e-02,4.752932957428254168e-01,-7.481583780905506909e-02,-3.119246194603255556e-02,-3.506067911869089060e-01,9.761084243785819736e-02,1.368847511225482205e-01,1.807351179130091967e-01,-7.891678611119314068e-02,1.322523945436438475e-01,3.234933248346492235e-02,0.000000000000000000e+00,0.000000000000000000e+00,0.000000000000000000e+00,0.000000000000000000e+00,0.000000000000000000e+00,0.000000000000000000e+00,0.000000000000000000e+00,0.000000000000000000e+00,0.000000000000000000e+00,0.000000000000000000e+00
2.190180501199905701e-03,-4.190786854622897267e-02,9.412607799769929784e-01,-5.007965818827628604e-03,2.013348617468493224e-02,-3.421691889350345073e-01,9.394092873483587125e-01,-5.150452601569530664e-01,1.379570296877564717e-01,3.536914889356959635e-02,4.542650347930933252e-01,-7.220616209437905053e-02,-3.428645713851898730e-02,-3.498360574626100394e-01,1.030041205033573048e-01,1.533824844085813488e-01,1.834802254996910909e-01,-8.471501028600741945e-02,1.394197804831918963e-01,3.068668350114762272e-02,0.000000000000000000e+00,0.000000000000000000e+00,0.000000000000000000e+00,0.000000000000000000e+00,0.000000000000000000e+00,0.000000000000000000e+00,0.000000000000000000e+00,0.000000000000000000e+00,0.000000000000000000e+00,0.000000000000000000e+00
6.287728708756460880e-03,-4.022107813731858744e-02,9.408513468988846107e-01,-5.307328749841337505e-03,2.015532312369760701e-02,-3.530102295827000081e-01,9.353872850436280029e-01,-5.054263136506369491e-01,1.270165689102212281e-01,1.425403151782128966e-02,4.434034178580055774e-01,-7.222016960472416036e-02,-2.994925527160584647e-02,-3.508870567449150490e-01,1.044885283843816903e-01,1.680609520906497789e-01,1.869498048343276597e-01,-9.211260706565486955e-02,1.450681717162920770e-01,2.931353883489930950e-02,0.000000000000000000e+00,0.000000000000000000e+00,0.000000000000000000e+00,0.000000000000000000e+00,0.000000000000000000e+00,0.000000000000000000e+00,0.000000000000000000e+00,0.000000000000000000e+00,0.000000000000000000e+00,0.000000000000000000e+00
1.306284049359453595e-02,-4.059289600728113734e-02,9.408321423510102033e-01,-5.209685300897866876e-03,2.029547701124107331e-02,-3.639845956930209403e-01,9.311692471780516067e-01,-4.956668674804947661e-01,1.189352213443612971e-01,1.635943115744241394e-03,4.457844759156917025e-01,-8.464954637480222310e-02,-1.900805078926348299e-02,-3.499154527246906010e-01,1.049082615320271888e-01,1.819972560428876340e-01,1.940826624601909023e-01,-1.030105579393383458e-01,1.519776873760331770e-01,2.461858520272454040e-02,0.000000000000000000e+00,0.000000000000000000e+00,0.000000000000000000e+00,0.000000000000000000e+00,0.000000000000000000e+00,0.000000000000000000e+00,0.000000000000000000e+00,0.000000000000000000e+00,0.000000000000000000e+00,0.000000000000000000e+00
1.867044590010745464e-02,-4.027285549568448975e-02,9.410388791624154647e-01,-4.232292966437253487e-03,1.969851902459429649e-02,-3.733250153529004134e-01,9.274817997978398454e-01,-4.864951860647162563e-01,1.112377559828004459e-01,-1.676593982197251143e-03,4.484600242088546129e-01,-9.998957391741650214e-02,-3.666628351402786111e-03,-3.499399621076992317e-01,1.023182024135792928e-01,1.944911027358117717e-01,2.019617165823939242e-01,-1.133073422039471423e-01,1.575048514768145613e-01,1.858199797627803004e-02,0.000000000000000000e+00,0.000000000000000000e+00,0.000000000000000000e+00,0.000000000000000000e+00,0.000000000000000000e+00,0.000000000000000000e+00,0.000000000000000000e+00,0.000000000000000000e+00,0.000000000000000000e+00,0.000000000000000000e+00
2.524177909907019540e-02,-4.029165037138585787e-02,9.414535723936398037e-01,-2.827334683331817269e-03,1.952232891585546637e-02,-3.812825355845936848e-01,9.242480797440002505e-01,-4.777930623971562984e-01,1.037124273456429407e-01,2.791561182444238232e-04,4.512684139164486186e-01,-1.160147848565308143e-01,1.071184832527307014e-02,-3.504007886650375436e-01,9.794511325865914997e-02,2.056002044149995434e-01,2.110062648209156677e-01,-1.242453257126623217e-01,1.629164057899560869e-01,1.233797686084652651e-02,0.000000000000000000e+00,0.000000000000000000e+00,0.000000000000000000e+00,0.000000000000000000e+00,0.000000000000000000e+00,0.000000000000000000e+00,0.000000000000000000e+00,0.000000000000000000e+00,0.000000000000000000e+00,0.000000000000000000e+00
3.078831938278412186e-02,-3.848147558642014271e-02,9.418545136640691373e-01,-1.404509912371929709e-03,1.890040669932179992e-02,-3.878075030353063668e-01,9.215455184460645821e-01,-4.696330129395284159e-01,9.572926854242751193e-02,6.650545038290919808e-03,4.502171358215916741e-01,-1.289125196376958160e-01,2.605963567069707193e-02,-3.530475353368365821e-01,9.187865780803167182e-02,2.153434795488787246e-01,2.213901410371872658e-01,-1.333717576397236704e-01,1.662505662696839581e-01,5.481819108328123136e-03,0.000000000000000000e+00,0.000000000000000000e+00,0.000000000000000000e+00,0.000000000000000000e+00,0.000000000000000000e+00,0.000000000000000000e+00,0.000000000000000000e+00,0.000000000000000000e+00,0.000000000000000000e+00,0.000000000000000000e+00
3.594477111408429792e-02,-3.664474572832251281e-02,9.421866559882704495e-01,4.033479611252176883e-04,1.781991583753919292e-02,-3.951913146070420435e-01,9.184258885555884877e-01,-4.606501483990979584e-01,8.693524763733180560e-02,1.312041876659517103e-02,4.483555823007412955e-01,-1.397926564334349142e-01,4.023260084722019014e-02,-3.582999295023833186e-01,8.662660155174020660e-02,2.295332848946914361e-01,2.367787449626170826e-01,-1.438744947539492558e-01,1.718816664439351827e-01,-1.464938929305863863e-03,0.000000000000000000e+00,0.000000000000000000e+00,0.000000000000000000e+00,0.000000000000000000e+00,0.000000000000000000e+00,0.000000000000000000e+00,0.000000000000000000e+00,0.000000000000000000e+00,0.000000000000000000e+00,0.000000000000000000e+00
4.074702785471670530e-02,-3.294394271654518813e-02,9.424589287239837354e-01,2.276476184391171102e-03,1.647356186347032070e-02,-4.014175394993886314e-01,9.157441773759570358e-01,-4.520417850632447720e-01,7.719959455434818874e-02,2.355057830230625898e-02,4.426726132349170784e-01,-1.474820727148684063e-01,5.236409024696359049e-02,-3.662991525060013132e-01,7.929943870113634330e-02,2.417597005473170191e-01,2.549600847681526838e-01,-1.541859639018932915e-01,1.780007564020479882e-01,-7.665295655929018487e-03,0.000000000000000000e+00,0.000000000000000000e+00,0.000000000000000000e+00,0.000000000000000000e+00,0.000000000000000000e+00,0.000000000000000000e+00,0.000000000000000000e+00,0.000000000000000000e+00,0.000000000000000000e+00,0.000000000000000000e+00
4.546630151370461420e-02,-2.846834980164791515e-02,9.428186324463044832e-01,4.696281571343997353e-03,1.493539363825243695e-02,-4.078074750628199463e-01,9.129337009001036174e-01,-4.418228506083305973e-01,6.626579051596465098e-02,3.780724642982497691e-02,4.319070364071492807e-01,-1.534081829441011902e-01,6.640061445063764889e-02,-3.737659266411478276e-01,7.035380414186739872e-02,2.566893976970056612e-01,2.692474159461928362e-01,-1.607455978652091444e-01,1.832382396629460564e-01,-1.443726122284245787e-02,0.000000000000000000e+00,0.000000000000000000e+00,0.000000000000000000e+00,0.000000000000000000e+00,0.000000000000000000e+00,0.000000000000000000e+00,0.000000000000000000e+00,0.000000000000000000e+00,0.000000000000000000e+00,0.000000000000000000e+00
5.005671675945426446e-02,-2.389792459263091404e-02,9.429455377701096985e-01,6.937335307242236196e-03,1.325827673522136929e-02,-4.150626983281529570e-01,9.096697466297309909e-01,-4.331430492204574878e-01,5.504359692914387314e-02,4.930539693670885071e-02,4.239414691257371581e-01,-1.574801341473189009e-01,7.953581209315130351e-02,-3.815360063951386271e-01,6.148250099335100805e-02,2.699099059379233001e-01,2.830471845144588161e-01,-1.648016118415117637e-01,1.931839361503600028e-01,-2.235038572442883328e-02,0.000000000000000000e+00,0.000000000000000000e+00,0.000000000000000000e+00,0.000000000000000000e+00,0.000000000000000000e+00,0.000000000000000000e+00,0.000000000000000000e+00,0.000000000000000000e+00,0.000000000000000000e+00,0.000000000000000000e+00
5.479503323461126785e-02,-2.063898414550113108e-02,9.432687574959958132e-01,9.903345535538737518e-03,1.195418311685756199e-02,-4.200977682625544607e-01,9.073460675806297449e-01,-4.209082851573748840e-01,4.131113931373521508e-02,5.661956857179622354e-02,4.054357635689661565e-01,-1.565400441269631238e-01,9.075532451231976827e-02,-3.878045056408299107e-01,5.065523238854582194e-02,2.793880811569160461e-01,2.939845195164949576e-01,-1.678689497608414627e-01,2.013800839332477166e-01,-2.981847122730566652e-02,0.000000000000000000e+00,0.000000000000000000e+00,0.000000000000000000e+00,0.000000000000000000e+00,0.000000000000000000e+00,0.000000000000000000e+00,0.000000000000000000e+00,0.000000000000000000e+00,0.000000000000000000e+00,0.000000000000000000e+00
5.950705838697572386e-02,-1.838682115366264275e-02,9.433599469734856857e-01,1.269827865107766088e-02,1.061758845772411107e-02,-4.258998250998725643e-01,9.046189029168797413e-01,-4.107252175128933702e-01,3.030030795583322709e-02,6.686367822608717260e-02,3.937840043591318007e-01,-1.564123074512132339e-01,9.927378351610252616e-02,-3.964770474491726704e-01,4.147351682141978135e-02,2.861980851601464426e-01,3.115324490347448627e-01,-1.750528122022097788e-01,2.112234546549114911e-01,-3.610676954884536188e-02,0.000000000000000000e+00,0.000000000000000000e+00,0.000000000000000000e+00,0.000000000000000000e+00,0.000000000000000000e+00,0.000000000000000000e+00,0.000000000000000000e+00,0.000000000000000000e+00,0.000000000000000000e+00,0.000000000000000000e+00
6.477796815341498038e-02,-1.492218151800269940e-02,9.432551716231676320e-01,1.504803637604090576e-02,9.140193580814413507e-03,-4.321550750872845681e-01,9.016274200238330039e-01,-4.028987493881175386e-01,1.830106791461033958e-02,7.583524034079101861e-02,3.864458290457907230e-01,-1.583771742501298985e-01,1.072821532352442875e-01,-4.051053410681113576e-01,3.085570856161287678e-02,2.912289122506603323e-01,3.276796353368164327e-01,-1.795412076960978542e-01,2.238368085915288797e-01,-4.296277576441481089e-02,0.000000000000000000e+00,0.000000000000000000e+00,0.000000000000000000e+00,0.000000000000000000e+00,0.000000000000000000e+00,0.000000000000000000e+00,0.000000000000000000e+00,0.000000000000000000e+00,0.000000000000000000e+00,0.000000000000000000e+00
7.041577322422745699e-02,-1.245673490441700192e-02,9.432183585939355464e-01,1.753160465070352503e-02,8.268214769660726937e-03,-4.373733086283750349e-01,8.990711141852804067e-01,-3.945402887034022976e-01,7.143628318549671841e-03,8.585140245853241370e-02,3.768234925065582774e-01,-1.601167668375309550e-01,1.122465113882101240e-01,-4.126057084267246711e-01,1.904057422152126075e-02,2.919146061940818271e-01,3.411269834854290250e-01,-1.832432467893243266e-01,2.377071004265541576e-01,-4.940738680530468163e-02,0.000000000000000000e+00,0.000000000000000000e+00,0.000000000000000000e+00,0.000000000000000000e+00,0.000000000000000000e+00,0.000000000000000000e+00,0.000000000000000000e+00,0.000000000000000000e+00,0.000000000000000000e+00,0.000000000000000000e+00
7.516867685111014441e-02,-1.105506510993092308e-02,9.431373236872379051e-01,2.044051495733767432e-02,8.185211082695445506e-03,-4.430034740316657338e-01,8.962494684314658011e-01,-3.883953027240604761e-01,-1.391693783544437069e-03,9.821051196185674736e-02,3.682446516838248085e-01,-1.595399060718703799e-01,1.146512594734457324e-01,-4.221028482098607149e-01,1.026460610280716113e-02,2.955313377787396889e-01,3.548691172932144644e-01,-1.870045043621237080e-01,2.468349910730453234e-01,-5.686418559925892485e-02,0.000000000000000000e+00,0.000000000000000000e+00,0.000000000000000000e+00,0.000000000000000000e+00,0.000000000000000000e+00,0.000000000000000000e+00,0.000000000000000000e+00,0.000000000000000000e+00,0.000000000000000000e+00,0.000000000000000000e+00
7.990159536337972102e-02,-1.061278519741872504e-02,9.430498734936395566e-01,2.272940446954483870e-02,8.370541691447758864e-03,-4.500295929646570547e-01,8.926850921015293538e-01,-3.832974280325469052e-01,-6.807372495499012383e-03,1.115287078453999631e-01,3.644034666073865392e-01,-1.605766194327743757e-01,1.184045272237636837e-01,-4.290886853377585131e-01,3.348090071728499623e-03,2.975939817364951501e-01,3.636614939960449711e-01,-1.868465659946629553e-01,2.554527388337889393e-01,-6.400238815125422476e-02,0.000000000000000000e+00,0.000000000000000000e+00,0.000000000000000000e+00,0.000000000000000000e+00,0.000000000000000000e+00,0.000000000000000000e+00,0.000000000000000000e+00,0.000000000000000000e+00,0.000000000000000000e+00,0.000000000000000000e+00
8.205972228063454499e-02,-9.382236949745641902e-03,9.428188665984331696e-01,2.416654108559678979e-02,7.638399225898036965e-03,-4.566256716752866707e-01,8.892978292542473850e-01,-3.790555665927443640e-01,-9.981832736858924082e-03,1.222701513014493868e-01,3.611967240732180673e-01,-1.586645025563220568e-01,1.199999647281811826e-01,-4.352775440955101716e-01,-3.457408358620850386e-04,2.985873234497611328e-01,3.714056979715130713e-01,-1.855486333291693213e-01,2.599994315923542243e-01,-6.810963743037437568e-02,0.000000000000000000e+00,0.000000000000000000e+00,0.000000000000000000e+00,0.000000000000000000e+00,0.000000000000000000e+00,0.000000000000000000e+00,0.000000000000000000e+00,0.000000000000000000e+00,0.000000000000000000e+00,0.000000000000000000e+00
8.290641688468822212e-02,-9.049445683656277134e-03,9.426601499471269907e-01,2.552648481937924360e-02,7.560912988674109089e-03,-4.611722127283035544e-01,8.869111688184014852e-01,-3.760430386297343719e-01,-1.065699119582355983e-02,1.323163555150605464e-01,3.565366997504656466e-01,-1.544130852360744988e-01,1.179720305916409501e-01,-4.403209946490450610e-01,-3.185012641362429398e-03,2.938299053503561353e-01,3.756364611976737988e-01,-1.833325243052043585e-01,2.599999999289490660e-01,-7.230349431898437651e-02,0.000000000000000000e+00,0.000000000000000000e+00,0.000000000000000000e+00,0.000000000000000000e+00,0.000000000000000000e+00,0.000000000000000000e+00,0.000000000000000000e+00,0.000000000000000000e+00,0.000000000000000000e+00,0.000000000000000000e+00
8.476424393744141916e-02,-8.428054882279129023e-03,9.423906724751183184e-01,2.649292713951535705e-02,6.803858834038795794e-03,-4.696608740121027692e-01,8.824230820523304430e-01,-3.714944425480499191e-01,-1.071672164798654833e-02,1.461498165261390092e-01,3.560299901184301730e-01,-1.528858303181359068e-01,1.194351572616859231e-01,-4.449477967603150952e-01,-5.624510171869427644e-03,2.893895705160371423e-01,3.799927320833362820e-01,-1.797596191628311746e-01,2.599999999999911271e-01,-7.599592265032466265e-02,0.000000000000000000e+00,0.000000000000000000e+00,0.000000000000000000e+00,0.000000000000000000e+00,0.000000000000000000e+00,0.000000000000000000e+00,0.000000000000000000e+00,0.000000000000000000e+00,0.000000000000000000e+00,0.000000000000000000e+00
8.599241801459368839e-02,-7.953233208919337216e-03,9.420165126938312428e-01,2.851120286601224046e-02,6.542370678971128929e-03,-4.783083437059849619e-01,8.777046411169698859e-01,-3.687193278359410797e-01,-1.135991340789699669e-02,1.614543179287809549e-01,3.545152015761956488e-01,-1.526748693782856159e-01,1.208586005897177434e-01,-4.533516050472733427e-01,-1.046698881638374878e-02,2.810454443330759888e-01,3.860840827952404797e-01,-1.745210161848713970e-01,2.600000000000000089e-01,-8.149629360537874456e-02,0.000000000000000000e+00,0.000000000000000000e+00,0.000000000000000000e+00,0.000000000000000000e+00,0.000000000000000000e+00,0.000000000000000000e+00,0.000000000000000000e+00,0.000000000000000000e+00,0.000000000000000000e+00,0.000000000000000000e+00
8.752252457592830936e-02,-7.094474350182258977e-03,9.415047746619742419e-01,3.073899010035878454e-02,6.475713432775215966e-03,-4.879484313328985023e-01,8.723070032866353518e-01,-3.673848731046543414e-01,-1.235785238827750293e-02,1.777216120856764947e-01,3.546288054269315371e-01,-1.534583402534329399e-01,1.237114741166135956e-01,-4.625944120157853834e-01,-1.943540318134460987e-02,2.649016481904704068e-01,3.909417269480537915e-01,-1.657446398544138721e-01,2.600000000000000089e-01,-8.630055177838244496e-02,0.000000000000000000e+00,0.000000000000000000e+00,0.000000000000000000e+00,0.000000000000000000e+00,0.000000000000000000e+00,0.000000000000000000e+00,0.000000000000000000e+00,0.000000000000000000e+00,0.000000000000000000e+00,0.000000000000000000e+00
9.057655672288196513e-02,-8.297797854124631250e-03,9.408906902065525824e-01,3.461217972431013951e-02,7.764780231407170108e-03,-5.001826998043834571e-01,8.651930258728903755e-01,-3.674902635662834482e-01,-1.239322793122833721e-02,2.025976966500887266e-01,3.573639625541392140e-01,-1.572363191742494892e-01,1.278604230079825599e-01,-4.754637480111066350e-01,-3.749013449531039127e-02,2.338504032711248848e-01,3.977996047281841530e-01,-1.549516523575358573e-01,2.600000000000000089e-01,-9.097610259726046644e-02,0.000000000000000000e+00,0.000000000000000000e+00,0.000000000000000000e+00,0.000000000000000000e+00,0.000000000000000000e+00,0.000000000000000000e+00,0.000000000000000000e+00,0.000000000000000000e+00,0.000000000000000000e+00,0.000000000000000000e+00
9.360096976425041904e-02,-7.175710174507262014e-03,9.398021067327179123e-01,3.962112453297295112e-02,7.272017612325569133e-03,-5.159606391651964108e-01,8.556645973059950894e-01,-3.663126984016353838e-01,-1.485765032162229826e-02,2.381270585389509975e-01,3.585997347398738877e-01,-1.614136221137800753e-01,1.329704694602495962e-01,-4.881058782596988666e-01,-7.851767632329445523e-02,1.731763208081727734e-01,4.011453922420841200e-01,-1.304820734337022170e-01,2.600000000000000089e-01,-9.610662816236464900e-02,0.000000000000000000e+00,0.000000000000000000e+00,0.000000000000000000e+00,0.000000000000000000e+00,0.000000000000000000e+00,0.000000000000000000e+00,0.000000000000000000e+00,0.000000000000000000e+00,0.000000000000000000e+00,0.000000000000000000e+00
9.657231921259129548e-02,-2.043639351961332347e-03,9.383474141872367724e-01,4.839497124551520729e-02,4.902410246582419688e-03,-5.353498668333123156e-01,8.432285652262230258e-01,-3.653600802515344359e-01,-2.742818446269050872e-02,2.840356285993735352e-01,3.491050332313948568e-01,-1.614683179720507455e-01,1.398533053647415536e-01,-5.003317650899177238e-01,-1.625244002247408226e-01,6.278894807404414302e-02,4.026763962143178333e-01,-9.192851752620517791e-02,2.553538251894424405e-01,-9.911754016812707180e-02,0.000000000000000000e+00,0.000000000000000000e+00,0.000000000000000000e+00,0.000000000000000000e+00,0.000000000000000000e+00,0.000000000000000000e+00,0.000000000000000000e+00,0.000000000000000000e+00,0.000000000000000000e+00,0.000000000000000000e+00
9.588490898528215234e-02,1.766650730205405941e-03,9.375910659688364568e-01,5.266423473256666432e-02,5.387696559280730213e-03,-5.567983213834954981e-01,8.289590342172159509e-01,-3.653929825167738787e-01,-2.060252923350421386e-02,3.311160888735791286e-01,3.439850238334133947e-01,-1.640033607014240724e-01,1.400980749453248630e-01,-4.993701637726139508e-01,-2.419206025306577246e-01,-9.931948173815487169e-02,4.123622202369059409e-01,-5.224432390546519811e-02,1.947845724328386430e-01,-9.304111180261735725e-02,0.000000000000000000e+00,0.000000000000000000e+00,0.000000000000000000e+00,0.000000000000000000e+00,0.000000000000000000e+00,0.000000000000000000e+00,0.000000000000000000e+00,0.000000000000000000e+00,0.000000000000000000e+00,0.000000000000000000e+00
9.656495760952132912e-02,4.037101751389269785e-03,9.378896692052578477e-01,5.384383569061556435e-02,7.190019316273082994e-03,-5.762576067365065002e-01,8.154607995843003998e-01,-3.617919138906706689e-01,-9.683776388844475558e-03,3.697674356249141536e-01,3.386192585724384085e-01,-1.667685337801989021e-01,1.418431769404025211e-01,-4.941218208787009902e-01,-2.846025727923629511e-01,-2.100577791054732968e-01,4.354870406275275219e-01,-4.977229026725198124e-02,1.456133658649820251e-01,-8.241329364814053982e-02,0.000000000000000000e+00,0.000000000000000000e+00,0.000000000000000000e+00,0.000000000000000000e+00,0.000000000000000000e+00,0.000000000000000000e+00,0.000000000000000000e+00,0.000000000000000000e+00,0.000000000000000000e+00,0.000000000000000000e+00
9.730514489485363183e-02,6.919855781291991970e-03,9.382318724757338080e-01,5.443813054195319884e-02,8.179043005317755341e-03,-5.927721557860582413e-01,8.034866299593061978e-01,-3.574348937831671180e-01,-1.651499125937171131e-03,4.012736782956330961e-01,3.325214437005166168e-01,-1.683448595394408387e-01,1.438129762338671014e-01,-4.926532167576746502e-01,-3.012795306755619573e-01,-2.649139225499499428e-01,4.642899911018373849e-01,-6.381837307987456298e-02,1.244755170320582111e-01,-7.907977481176672874e-02,0.000000000000000000e+00,0.000000000000000000e+00,0.000000000000000000e+00,0.000000000000000000e+00,0.000000000000000000e+00,0.000000000000000000e+00,0.000000000000000000e+00,0.000000000000000000e+00,0.000000000000000000e+00,0.000000000000000000e+00
9.884872280265270816e-02,1.017259240745455560e-02,9.384506999852817444e-01,5.492874999356008731e-02,8.059013674618944328e-03,-6.059626930277666190e-01,7.935534634675056598e-01,-3.509463588257676903e-01,6.972067330559238163e-04,4.266962224021270123e-01,3.228453624047533110e-01,-1.691725575120995861e-01,1.476119223223422150e-01,-4.914870468286896554e-01,-3.118793606420264819e-01,-2.977084108284513975e-01,4.924802648925462045e-01,-7.621853292798029533e-02,1.124496265154969338e-01,-7.970931845155060369e-02,0.000000000000000000e+00,0.000000000000000000e+00,0.000000000000000000e+00,0.000000000000000000e+00,0.000000000000000000e+00,0.000000000000000000e+00,0.000000000000000000e+00,0.000000000000000000e+00,0.000000000000000000e+00,0.000000000000000000e+00
1.002001504868225423e-01,1.292646348584841967e-02,9.387269932535430295e-01,5.536020261236779261e-02,8.447783340394631260e-03,-6.172848357760416516e-01,7.847441076199914711e-01,-3.464092714531173955e-01,3.640926741140530082e-03,4.492699096100527534e-01,3.152664296021117085e-01,-1.703835796787693535e-01,1.492221425515315170e-01,-4.932208335307682323e-01,-3.179496711212728144e-01,-3.195292945233714210e-01,5.196895726638928181e-01,-9.262969086323709356e-02,1.018988861173013294e-01,-8.243815030423078116e-02,0.000000000000000000e+00,0.000000000000000000e+00,0.000000000000000000e+00,0.000000000000000000e+00,0.000000000000000000e+00,0.000000000000000000e+00,0.000000000000000000e+00,0.000000000000000000e+00,0.000000000000000000e+00,0.000000000000000000e+00
1.020667436722835913e-01,1.558784325000245330e-02,9.389148779684270973e-01,5.540639127302066091e-02,8.330087838820891127e-03,-6.272971013801588169e-01,7.767619249440266271e-01,-3.419873475881205493e-01,4.487906035194347276e-03,4.665939037933464206e-01,3.091049687678280034e-01,-1.719599336141641177e-01,1.542457565076388037e-01,-4.931656520970377211e-01,-3.229784619046059402e-01,-3.366597552167588936e-01,5.477431745868637236e-01,-1.075436466602300301e-01,9.202100729893195052e-02,-8.345218450953878486e-02,0.000000000000000000e+00,0.000000000000000000e+00,0.000000000000000000e+00,0.000000000000000000e+00,0.000000000000000000e+00,0.000000000000000000e+00,0.000000000000000000e+00,0.000000000000000000e+00,0.000000000000000000e+00,0.000000000000000000e+00
1.033346405684489322e-01,1.904034521544594252e-02,9.389699518960989977e-01,5.548273074597604576e-02,7.576447965199633802e-03,-6.384854820344177950e-01,7.675940028794373537e-01,-3.384711257271387774e-01,6.248895350152390560e-03,4.857897890872127089e-01,3.057941500447173278e-01,-1.739827747862047469e-01,1.589567072130294023e-01,-4.923629531292224026e-01,-3.255711715521207861e-01,-3.498411565643793075e-01,5.681714670390314303e-01,-1.186202136098726961e-01,8.412656101652074558e-02,-8.387156552186184055e-02,0.000000000000000000e+00,0.000000000000000000e+00,0.000000000000000000e+00,0.000000000000000000e+00,0.000000000000000000e+00,0.000000000000000000e+00,0.000000000000000000e+00,0.000000000000000000e+00,0.000000000000000000e+00,0.000000000000000000e+00
1.046565831775642386e-01,2.233812420549306094e-02,9.390071430864589397e-01,5.535522773735934710e-02,6.671833706096651044e-03,-6.479549870432412817e-01,7.596351888656405205e-01,-3.349121631888787864e-01,7.757825492428590403e-03,5.038729234011183333e-01,3.030376500427581776e-01,-1.758227466707926179e-01,1.612924514916347363e-01,-4.906402858920146381e-01,-3.260122646224411502e-01,-3.618761242853738569e-01,5.822927446117888151e-01,-1.273070461011491794e-01,7.717169630419497273e-02,-8.433438269769408246e-02,0.000000000000000000e+00,0.000000000000000000e+00,0.000000000000000000e+00,0.000000000000000000e+00,0.000000000000000000e+00,0.000000000000000000e+00,0.000000000000000000e+00,0.000000000000000000e+00,0.000000000000000000e+00,0.000000000000000000e+00
1.061896520966172097e-01,2.150879010752402079e-02,9.390520296820846768e-01,5.586507469043685420e-02,6.070066873028176491e-03,-6.557542973076944115e-01,7.528801692703041004e-01,-3.292212922922777563e-01,8.246040182082761683e-03,5.178470385641116280e-01,3.017105525078088712e-01,-1.782852374587679534e-01,1.636999286608985249e-01,-4.877969427155741666e-01,-3.222045535827682827e-01,-3.656650413679187195e-01,5.867340918139588579e-01,-1.329124163380139834e-01,7.458673109309353622e-02,-8.531303624830691157e-02,0.000000000000000000e+00,0.000000000000000000e+00,0.000000000000000000e+00,0.000000000000000000e+00,0.000000000000000000e+00,0.000000000000000000e+00,0.000000000000000000e+00,0.000000000000000000e+00,0.000000000000000000e+00,0.000000000000000000e+00
1.073537678402411710e-01,2.192059347117403939e-02,9.391608255301600039e-01,5.547147942333371939e-02,4.850495122364606969e-03,-6.634425322286604532e-01,7.461523933471485570e-01,-3.219264801323827863e-01,9.424688809374779513e-03,5.329207957885118141e-01,2.987524829869037113e-01,-1.795320051872801304e-01,1.653077695534133640e-01,-4.833828137476138265e-01,-3.186343288007842944e-01,-3.701816737292796811e-01,5.821112192464431567e-01,-1.363370755002166756e-01,7.447099282225391748e-02,-8.647469356153465736e-02,0.000000000000000000e+00,0.000000000000000000e+00,0.000000000000000000e+00,0.000000000000000000e+00,0.000000000000000000e+00,0.000000000000000000e+00,0.000000000000000000e+00,0.000000000000000000e+00,0.000000000000000000e+00,0.000000000000000000e+00
1.073497274804696561e-01,2.245883060785898097e-02,9.393316367873006945e-01,5.543441351154949209e-02,3.999889293870974825e-03,-6.705399512103653592e-01,7.397886188061209012e-01,-3.156393040626990221e-01,1.108344178227807855e-02,5.461639140757561517e-01,2.933726692682083748e-01,-1.765000256157866210e-01,1.656282866710873936e-01,-4.781014052404239378e-01,-3.109778880286081515e-01,-3.750298732167797744e-01,5.701863795726782591e-01,-1.387598238382546367e-01,7.453311148082247817e-02,-8.628095553585236888e-02,0.000000000000000000e+00,0.000000000000000000e+00,0.000000000000000000e+00,0.000000000000000000e+00,0.000000000000000000e+00,0.000000000000000000e+00,0.000000000000000000e+00,0.000000000000000000e+00,0.000000000000000000e+00,0.000000000000000000e+00
1.070937210674372253e-01,2.297181919218054327e-02,9.395938532230685425e-01,5.526354283553910895e-02,3.351777170480066490e-03,-6.768699338982829827e-01,7.340175740454703002e-01,-3.092913891930486603e-01,1.286999831213044010e-02,5.580406859395468100e-01,2.868855769450338045e-01,-1.727174529618683285e-01,1.644066383499268591e-01,-4.720340860024216934e-01,-3.023569644842318271e-01,-3.792119220854733852e-01,5.523085245003626076e-01,-1.396454516135249846e-01,7.599474661589442070e-02,-8.667947332496230006e-02,0.000000000000000000e+00,0.000000000000000000e+00,0.000000000000000000e+00,0.000000000000000000e+00,0.000000000000000000e+00,0.000000000000000000e+00,0.000000000000000000e+00,0.000000000000000000e+00,0.000000000000000000e+00,0.000000000000000000e+00
1.061787959442058865e-01,2.164069402419382601e-02,9.401613176716631104e-01,5.536720896253943119e-02,4.600695946347623660e-03,-6.822963625903000207e-01,7.289615760549748025e-01,-3.047719231651568328e-01,1.831793836275650428e-02,5.694693551821490285e-01,2.812699108495577693e-01,-1.670525887810136445e-01,1.612920115671910293e-01,-4.629080282448148065e-01,-2.899609060320830767e-01,-3.861131196417251221e-01,5.262919595740590539e-01,-1.420936708850883412e-01,7.632354088713505513e-02,-8.410547657250604103e-02,0.000000000000000000e+00,0.000000000000000000e+00,0.000000000000000000e+00,0.000000000000000000e+00,0.000000000000000000e+00,0.000000000000000000e+00,0.000000000000000000e+00,0.000000000000000000e+00,0.000000000000000000e+00,0.000000000000000000e+00
1.046226245041814717e-01,1.974025180458536394e-02,9.407790909904703014e-01,5.524861310619783722e-02,5.564526535135229726e-03,-6.877336343506170735e-01,7.238363592533690882e-01,-2.988061083776611393e-01,2.454483853711882102e-02,5.807536098635019961e-01,2.756722314479422842e-01,-1.593948661140256462e-01,1.584229010703897822e-01,-4.525059764061173384e-01,-2.767652364994984127e-01,-3.895154487330459436e-01,4.980533753670441377e-01,-1.434904710138314166e-01,7.555257939019760505e-02,-8.343565626754040343e-02,0.000000000000000000e+00,0.000000000000000000e+00,0.000000000000000000e+00,0.000000000000000000e+00,0.000000000000000000e+00,0.000000000000000000e+00,0.000000000000000000e+00,0.000000000000000000e+00,0.000000000000000000e+00,0.000000000000000000e+00
1.026152316521991847e-01,2.013988101340248235e-02,9.413380128113675305e-01,5.502739979962015943e-02,6.214426805261305878e-03,-6.924258967688924349e-01,7.193606492258033391e-01,-2.938711249896142630e-01,2.912454388314593412e-02,5.900809780037298280e-01,2.663960982994362237e-01,-1.518597074600881724e-01,1.551957977488552798e-01,-4.441049640280955724e-01,-2.657660978914056504e-01,-3.946183880863051163e-01,4.717063819233679456e-01,-1.424361639312037853e-01,7.677166981459318529e-02,-8.383610364018496963e-02,0.000000000000000000e+00,0.000000000000000000e+00,0.000000000000000000e+00,0.000000000000000000e+00,0.000000000000000000e+00,0.000000000000000000e+00,0.000000000000000000e+00,0.000000000000000000e+00,0.000000000000000000e+00,0.000000000000000000e+00
9.955776806143043500e-02,2.055374773690065229e-02,9.417784760683235445e-01,5.429455321860968131e-02,5.875218205978503978e-03,-6.957054827959382459e-01,7.162481863917656844e-01,-2.889439322849261527e-01,3.434996690078512271e-02,5.956025454350171167e-01,2.606280826666115824e-01,-1.440756185598771333e-01,1.520168793229275395e-01,-4.350654104779033138e-01,-2.555888184135144958e-01,-3.982200228406022058e-01,4.510856406302309884e-01,-1.430065082829349021e-01,7.472849887237920097e-02,-8.355272926223740459e-02,0.000000000000000000e+00,0.000000000000000000e+00,0.000000000000000000e+00,0.000000000000000000e+00,0.000000000000000000e+00,0.000000000000000000e+00,0.000000000000000000e+00,0.000000000000000000e+00,0.000000000000000000e+00,0.000000000000000000e+00
9.756260935108905519e-02,2.084989941571419730e-02,9.420610001391699351e-01,5.434825409393748835e-02,6.137822756914178279e-03,-7.000038029442948728e-01,7.120416211656940275e-01,-2.862374998921515812e-01,3.962421400242618907e-02,6.056432695973503755e-01,2.579503522550601891e-01,-1.389472311929743631e-01,1.493179864499748211e-01,-4.300819349823883364e-01,-2.475644620215421698e-01,-4.006976722191068485e-01,4.333647299114276596e-01,-1.420748969302997877e-01,7.431784472134801700e-02,-8.315328620806060334e-02,0.000000000000000000e+00,0.000000000000000000e+00,0.000000000000000000e+00,0.000000000000000000e+00,0.000000000000000000e+00,0.000000000000000000e+00,0.000000000000000000e+00,0.000000000000000000e+00,0.000000000000000000e+00,0.000000000000000000e+00
9.474699586620614900e-02,1.965043776119957883e-02,9.423434423063721255e-01,5.476345758925284246e-02,6.905551046746569513e-03,-7.018783447044165680e-01,7.101549593663334381e-01,-2.843577037880689606e-01,4.517107040018522590e-02,6.115917238462864614e-01,2.559572625017586534e-01,-1.351257410555875282e-01,1.449750089036297984e-01,-4.246596198227471919e-01,-2.404636432340195584e-01,-4.054896474744175139e-01,4.201244966355472954e-01,-1.438321628052129375e-01,7.260852793630750979e-02,-8.439849440366692379e-02,0.000000000000000000e+00,0.000000000000000000e+00,0.000000000000000000e+00,0.000000000000000000e+00,0.000000000000000000e+00,0.000000000000000000e+00,0.000000000000000000e+00,0.000000000000000000e+00,0.000000000000000000e+00,0.000000000000000000e+00
9.235994152568140214e-02,1.852972886633407965e-02,9.426022091377898038e-01,5.492725121054934517e-02,7.774393315766697614e-03,-7.044786382216563503e-01,7.075538171562536505e-01,-2.830753138007859881e-01,5.151406695840872463e-02,6.175417621004852808e-01,2.560700559909568352e-01,-1.315515431496687426e-01,1.420029373983649201e-01,-4.181526935063735184e-01,-2.316289982394791613e-01,-4.078288845977178223e-01,4.030438140936324354e-01,-1.435173858087409604e-01,7.183796210236990942e-02,-8.400449817956734400e-02,0.000000000000000000e+00,0.000000000000000000e+00,0.000000000000000000e+00,0.000000000000000000e+00,0.000000000000000000e+00,0.000000000000000000e+00,0.000000000000000000e+00,0.000000000000000000e+00,0.000000000000000000e+00,0.000000000000000000e+00
8.823679802399532479e-02,1.837127606530832361e-02,9.427124690798606155e-01,5.526380351707629868e-02,7.723970079102092205e-03,-7.069071330433668310e-01,7.051018065211933639e-01,-2.819449459343299491e-01,5.854259342012993472e-02,6.243539668881659122e-01,2.572403137189883671e-01,-1.296119055929125796e-01,1.399507643452126415e-01,-4.142585246913153552e-01,-2.240477006433613250e-01,-4.108778839369436886e-01,3.925526896184818870e-01,-1.467679195814151905e-01,7.006660353789835594e-02,-8.497785948141568790e-02,0.000000000000000000e+00,0.000000000000000000e+00,0.000000000000000000e+00,0.000000000000000000e+00,0.000000000000000000e+00,0.000000000000000000e+00,0.000000000000000000e+00,0.000000000000000000e+00,0.000000000000000000e+00,0.000000000000000000e+00
8.454176184292033769e-02,1.743556077611711080e-02,9.428091101441616884e-01,5.531655325680866209e-02,7.734957674408944259e-03,-7.090557171356883792e-01,7.029368672667236639e-01,-2.798015691744193401e-01,6.500634145492932559e-02,6.287286999839959423e-01,2.582484287195345174e-01,-1.289114065756042926e-01,1.380505474121926646e-01,-4.094064216706820303e-01,-2.165625947466218171e-01,-4.131924447137441114e-01,3.832284614512239118e-01,-1.504313902891206978e-01,6.770107844735338831e-02,-8.541276086428520320e-02,0.000000000000000000e+00,0.000000000000000000e+00,0.000000000000000000e+00,0.000000000000000000e+00,0.000000000000000000e+00,0.000000000000000000e+00,0.000000000000000000e+00,0.000000000000000000e+00,0.000000000000000000e+00,0.000000000000000000e+00
7.999956710510301716e-02,1.687603779383015090e-02,9.428143477502900494e-01,5.545458489259298684e-02,7.728022035498340568e-03,-7.108231155122082257e-01,7.011387631156376088e-01,-2.796157007720048715e-01,7.369253208878411010e-02,6.338808590171697288e-01,2.631360418259621192e-01,-1.291217220354744510e-01,1.350189596224869171e-01,-4.052446969524396425e-01,-2.087908119122744433e-01,-4.165664252837905090e-01,3.751913588437984504e-01,-1.552695180520997920e-01,6.513784319171751769e-02,-8.782397344448007737e-02,0.000000000000000000e+00,0.000000000000000000e+00,0.000000000000000000e+00,0.000000000000000000e+00,0.000000000000000000e+00,0.000000000000000000e+00,0.000000000000000000e+00,0.000000000000000000e+00,0.000000000000000000e+00,0.000000000000000000e+00
7.655983217414859265e-02,1.628755516844962448e-02,9.428133873017422451e-01,5.450509894995322902e-02,7.811895549525175488e-03,-7.118277240382082649e-01,7.001924448085418140e-01,-2.815406836819158709e-01,8.349554478253355672e-02,6.331847278035124260e-01,2.741013202690851802e-01,-1.315406598387739712e-01,1.352553736933000683e-01,-3.977335945156391661e-01,-1.994895132939131510e-01,-4.183366867642598352e-01,3.635422560378571699e-01,-1.576010344371981120e-01,6.207162695367816202e-02,-8.785668985992554914e-02,0.000000000000000000e+00,0.000000000000000000e+00,0.000000000000000000e+00,0.000000000000000000e+00,0.000000000000000000e+00,0.000000000000000000e+00,0.000000000000000000e+00,0.000000000000000000e+00,0.000000000000000000e+00,0.000000000000000000e+00
7.242483835675334047e-02,1.429240240175540938e-02,9.427426165281110881e-01,5.463066877020328338e-02,8.638936509423524035e-03,-7.135513791494513258e-01,6.984162713737571693e-01,-2.841860650981504199e-01,9.539060123560100246e-02,6.370686215577563427e-01,2.873149084647538820e-01,-1.353612622676401700e-01,1.322378609866692034e-01,-3.923002412645429371e-01,-1.902421960147460678e-01,-4.208243959880880736e-01,3.537180083446658796e-01,-1.614049909408082906e-01,6.037836764485970953e-02,-8.825513420999586689e-02,0.000000000000000000e+00,0.000000000000000000e+00,0.000000000000000000e+00,0.000000000000000000e+00,0.000000000000000000e+00,0.000000000000000000e+00,0.000000000000000000e+00,0.000000000000000000e+00,0.000000000000000000e+00,0.000000000000000000e+00
6.809421004408748590e-02,1.189827096654804892e-02,9.425408121917401294e-01,5.445793340730351734e-02,9.798076266079022711e-03,-7.148499250274708006e-01,6.970853002887866801e-01,-2.894228613928223615e-01,1.100652063977971828e-01,6.380955633921350234e-01,3.067618688954060202e-01,-1.396440254145424609e-01,1.290128376278479039e-01,-3.873066146945927657e-01,-1.798228617195941625e-01,-4.217546089017691902e-01,3.459805195140809864e-01,-1.661265751453236683e-01,5.724184031047038074e-02,-8.902442161501183948e-02,0.000000000000000000e+00,0.000000000000000000e+00,0.000000000000000000e+00,0.000000000000000000e+00,0.000000000000000000e+00,0.000000000000000000e+00,0.000000000000000000e+00,0.000000000000000000e+00,0.000000000000000000e+00,0.000000000000000000e+00
6.484912861739498824e-02,1.154952478876714039e-02,9.421619166558687919e-01,5.361684271231213772e-02,1.055482502912737444e-02,-7.177870195700853939e-01,6.941149936306378887e-01,-2.967520115343854070e-01,1.260025575705835399e-01,6.402305940107514415e-01,3.314830115018004286e-01,-1.465447154914411299e-01,1.266639997363741832e-01,-3.834446908431584089e-01,-1.695522239082997151e-01,-4.220502440302261737e-01,3.367434260944794366e-01,-1.681233007290861836e-01,5.564245778685159016e-02,-8.876316676150797225e-02,0.000000000000000000e+00,0.000000000000000000e+00,0.000000000000000000e+00,0.000000000000000000e+00,0.000000000000000000e+00,0.000000000000000000e+00,0.000000000000000000e+00,0.000000000000000000e+00,0.000000000000000000e+00,0.000000000000000000e+00
6.141729265511815944e-02,1.026903000957934790e-02,9.416684963832523403e-01,5.204232468686879193e-02,1.210888102376687404e-02,-7.194593023005153576e-01,6.924761972622549555e-01,-3.071311394124371374e-01,1.467138297037072769e-01,6.391738042783291496e-01,3.643197696875697944e-01,-1.537932241337597039e-01,1.239397133660993522e-01,-3.774985681364830814e-01,-1.570720596879882636e-01,-4.238324288754999891e-01,3.275917633051033673e-01,-1.707798553735475067e-01,5.259222662176869095e-02,-8.670744490116240322e-02,0.000000000000000000e+00,0.000000000000000000e+00,0.000000000000000000e+00,0.000000000000000000e+00,0.000000000000000000e+00,0.000000000000000000e+00,0.000000000000000000e+00,0.000000000000000000e+00,0.000000000000000000e+00,0.000000000000000000e+00
5.658578131084442825e-02,7.728160567099544818e-03,9.410741481982701773e-01,5.045579848175337639e-02,1.430081910064086997e-02,-7.210103979234444571e-01,6.909368314534222177e-01,-3.166160337807045200e-01,1.698031714712285034e-01,6.350488456021754491e-01,3.948382519291592785e-01,-1.561603468044719667e-01,1.179505734849060766e-01,-3.703126046464224608e-01,-1.416791526595998496e-01,-4.263749406611802018e-01,3.177548273475258589e-01,-1.739129394085585090e-01,4.892597999941617620e-02,-8.571297758687713986e-02,0.000000000000000000e+00,0.000000000000000000e+00,0.000000000000000000e+00,0.000000000000000000e+00,0.000000000000000000e+00,0.000000000000000000e+00,0.000000000000000000e+00,0.000000000000000000e+00,0.000000000000000000e+00,0.000000000000000000e+00
5.304605982189036784e-02,6.797824970351551768e-03,9.399206937515136584e-01,4.705327905663082844e-02,1.783348421882707813e-02,-7.237584148145178586e-01,6.882163270046790515e-01,-3.348802217385319913e-01,1.998309105706161937e-01,6.186747427314128744e-01,4.382308875586740093e-01,-1.527723786036127296e-01,1.094724481536563376e-01,-3.631525904942898841e-01,-1.205870339425512416e-01,-4.258330733176552974e-01,3.030917977291941456e-01,-1.727343663142610619e-01,4.483858443301294572e-02,-8.085363873181627969e-02,0.000000000000000000e+00,0.000000000000000000e+00,0.000000000000000000e+00,0.000000000000000000e+00,0.000000000000000000e+00,0.000000000000000000e+00,0.000000000000000000e+00,0.000000000000000000e+00,0.000000000000000000e+00,0.000000000000000000e+00
5.212799345009497959e-02,3.879244824582754950e-03,9.382318409009396953e-01,4.122485896922446769e-02,2.375032528526804798e-02,-7.280783389052931653e-01,6.838408919249563400e-01,-3.556747214629999987e-01,2.345162856079675007e-01,5.870499316674754331e-01,4.855996068114078468e-01,-1.421447971236435293e-01,9.768800361259370735e-02,-3.533366027777104512e-01,-9.374972860964016219e-02,-4.225011075955401596e-01,2.865887592036884257e-01,-1.684747095335167311e-01,4.140043930826672880e-02,-7.780228551538627413e-02,0.000000000000000000e+00,0.000000000000000000e+00,0.000000000000000000e+00,0.000000000000000000e+00,0.000000000000000000e+00,0.000000000000000000e+00,0.000000000000000000e+00,0.000000000000000000e+00,0.000000000000000000e+00,0.000000000000000000e+00
4.800495925422062354e-02,4.902186301672951593e-03,9.360951330136211279e-01,3.469828613765177372e-02,2.756235635649717172e-02,-7.349565930349440945e-01,6.766647262903939808e-01,-3.720247418179604137e-01,2.648779576524393220e-01,5.465414628548496134e-01,5.163882021462018468e-01,-1.094958714415191492e-01,7.485263397460319157e-02,-3.484917189170632090e-01,-6.422135670854045575e-02,-4.129978724969980419e-01,2.776169605562747722e-01,-1.705985328977966120e-01,3.402775415682812027e-02,-6.224459294215531346e-02,0.000000000000000000e+00,0.000000000000000000e+00,0.000000000000000000e+00,0.000000000000000000e+00,0.000000000000000000e+00,0.000000000000000000e+00,0.000000000000000000e+00,0.000000000000000000e+00,0.000000000000000000e+00,0.000000000000000000e+00
4.594057764476031785e-02,5.412001879485098081e-03,9.340563604158610422e-01,2.858346017468805372e-02,3.185716227430528819e-02,-7.408290120622255115e-01,6.703286372393595371e-01,-3.866258507868525207e-01,2.944611568948481972e-01,5.243460190316530101e-01,5.473287161253365118e-01,-7.154787483204748388e-02,5.984495321360015774e-02,-3.435250277547338138e-01,-3.745824286419068005e-02,-4.028069712673807423e-01,2.670489442938610569e-01,-1.691696816971950124e-01,2.929462665038933336e-02,-5.115541731629851679e-02,0.000000000000000000e+00,0.000000000000000000e+00,0.000000000000000000e+00,0.000000000000000000e+00,0.000000000000000000e+00,0.000000000000000000e+00,0.000000000000000000e+00,0.000000000000000000e+00,0.000000000000000000e+00,0.000000000000000000e+00
4.372550283747440869e-02,6.268420258474605676e-03,9.322835432788930676e-01,2.316109516145084535e-02,3.505322100146766873e-02,-7.463077917295974917e-01,6.642736750557228786e-01,-3.987808060441411229e-01,3.182050867488920298e-01,5.060418235958035194e-01,5.712622883047131506e-01,-3.106639435733656723e-02,4.771515487037099323e-02,-3.386345613312343183e-01,-1.357147278266916841e-02,-3.907840022420412396e-01,2.573282455854952744e-01,-1.677959639799450897e-01,2.487108753282503068e-02,-3.980696263568989091e-02,0.000000000000000000e+00,0.000000000000000000e+00,0.000000000000000000e+00,0.000000000000000000e+00,0.000000000000000000e+00,0.000000000000000000e+00,0.000000000000000000e+00,0.000000000000000000e+00,0.000000000000000000e+00,0.000000000000000000e+00
4.351291593419304160e-02,6.284512663788712275e-03,9.309336381611101885e-01,1.880947924934297036e-02,3.808997431395214073e-02,-7.521057749244850488e-01,6.576718487759457554e-01,-4.124192896191775093e-01,3.335038743446682719e-01,4.842059625832459968e-01,5.907677756719300621e-01,-1.661473579639381748e-03,3.516253298171680142e-02,-3.347946222024012486e-01,6.065847403558276285e-03,-3.752998731289794998e-01,2.475957253537101888e-01,-1.635609564819594797e-01,2.108268614974644767e-02,-3.302022387786800184e-02,0.000000000000000000e+00,0.000000000000000000e+00,0.000000000000000000e+00,0.000000000000000000e+00,0.000000000000000000e+00,0.000000000000000000e+00,0.000000000000000000e+00,0.000000000000000000e+00,0.000000000000000000e+00,0.000000000000000000e+00
4.087688860785293476e-02,5.253910678740101974e-03,9.296392764323192504e-01,1.537636603664641229e-02,4.002059491780483175e-02,-7.586577772303167988e-01,6.500771464971575320e-01,-4.256533273603402279e-01,3.480691330150605389e-01,4.642284000041728698e-01,6.023511504535401517e-01,3.493995505160652632e-02,2.425878929940314052e-02,-3.322843680631637486e-01,2.483276100347399373e-02,-3.572945866040053708e-01,2.447719219110172373e-01,-1.657846656838244392e-01,1.564632661124965018e-02,-1.894306945960995414e-02,0.000000000000000000e+00,0.000000000000000000e+00,0.000000000000000000e+00,0.000000000000000000e+00,0.000000000000000000e+00,0.000000000000000000e+00,0.000000000000000000e+00,0.000000000000000000e+00,0.000000000000000000e+00,0.000000000000000000e+00
3.993283155211457824e-02,3.698408491319916860e-03,9.292396961153084334e-01,1.340851183971143376e-02,3.995844902217086936e-02,-7.665028191113769651e-01,6.408564288951920096e-01,-4.459190505150219530e-01,3.455165667110499106e-01,4.266098602487304881e-01,6.131604597545117219e-01,4.053873608926687744e-02,1.356840448961540296e-02,-3.306698753245041478e-01,3.649058623282734615e-02,-3.322841122675804781e-01,2.444150736058171569e-01,-1.667884147731133748e-01,1.212300360528287269e-02,-5.204946720517830520e-03,0.000000000000000000e+00,0.000000000000000000e+00,0.000000000000000000e+00,0.000000000000000000e+00,0.000000000000000000e+00,0.000000000000000000e+00,0.000000000000000000e+00,0.000000000000000000e+00,0.000000000000000000e+00,0.000000000000000000e+00
3.907894857657735060e-02,2.042438176315521797e-03,9.293791353388607401e-01,1.350120954946254677e-02,3.902650151426762665e-02,-7.757861845735046780e-01,6.296431095034252801e-01,-4.717832319782794825e-01,3.333312580346026177e-01,3.813549070979249112e-01,6.208708490560560511e-01,2.950631168637992199e-02,2.234411793538768065e-03,-3.314712200460566693e-01,4.420204452991154109e-02,-3.041142214544653166e-01,2.439273045372961357e-01,-1.672874328760625695e-01,1.023389936104626349e-02,1.096910312878116196e-02,0.000000000000000000e+00,0.000000000000000000e+00,0.000000000000000000e+00,0.000000000000000000e+00,0.000000000000000000e+00,0.000000000000000000e+00,0.000000000000000000e+00,0.000000000000000000e+00,0.000000000000000000e+00,0.000000000000000000e+00
3.815581803625044816e-02,2.245133746108383043e-04,9.298330810475092800e-01,1.502234878698967095e-02,3.717987402617246862e-02,-7.854595801518634568e-01,6.176125273599769594e-01,-4.935281557624043303e-01,3.139844454323611478e-01,3.392530179622384456e-01,6.165532881956308220e-01,1.001046473551268218e-02,-6.173356878713717744e-03,-3.343849892266398394e-01,4.752855389460311497e-02,-2.767284903071449698e-01,2.461198202926516421e-01,-1.675050138828133861e-01,1.079665491200305569e-02,2.607552621468460161e-02,0.000000000000000000e+00,0.000000000000000000e+00,0.000000000000000000e+00,0.000000000000000000e+00,0.000000000000000000e+00,0.000000000000000000e+00,0.000000000000000000e+00,0.000000000000000000e+00,0.000000000000000000e+00,0.000000000000000000e+00
3.735512290415545639e-02,-2.116032345669660759e-03,9.302378412262265472e-01,1.682774535124243603e-02,3.581843700780265594e-02,-7.941967917529652032e-01,6.063706148272761665e-01,-5.070139096723617067e-01,2.947741152129014219e-01,3.031279537486341047e-01,5.999376680964293440e-01,-1.169861845251245203e-03,-1.406692572510340883e-02,-3.373759216869828825e-01,5.027399884828474830e-02,-2.519432849246355799e-01,2.481889036097377765e-01,-1.676328086652388860e-01,1.190429215438126333e-02,4.017034134696614162e-02,0.000000000000000000e+00,0.000000000000000000e+00,0.000000000000000000e+00,0.000000000000000000e+00,0.000000000000000000e+00,0.000000000000000000e+00,0.000000000000000000e+00,0.000000000000000000e+00,0.000000000000000000e+00,0.000000000000000000e+00
3.668447805501694886e-02,-4.547550083442392782e-03,9.305115572938152946e-01,1.764416848476409172e-02,3.423584631298680347e-02,-8.027568180640297646e-01,5.950614096019237742e-01,-5.123892905623269600e-01,2.763674119932872930e-01,2.720725604573664413e-01,5.769840133235497603e-01,-6.260486738461044920e-03,-1.978844510167430612e-02,-3.369845991299109111e-01,5.333781251831160031e-02,-2.297008095060863730e-01,2.481617607226899724e-01,-1.671809449248202739e-01,1.553397630393125312e-02,5.314612352897905151e-02,0.000000000000000000e+00,0.000000000000000000e+00,0.000000000000000000e+00,0.000000000000000000e+00,0.000000000000000000e+00,0.000000000000000000e+00,0.000000000000000000e+00,0.000000000000000000e+00,0.000000000000000000e+00,0.000000000000000000e+00
3.668097381724276518e-02,-7.064089205455864086e-03,9.306767589516891093e-01,1.831840289909184710e-02,3.356780823588170065e-02,-8.100335687071789081e-01,5.851352458474681217e-01,-5.147430550236655744e-01,2.581026418904325270e-01,2.409480963536314857e-01,5.529001691463115709e-01,-7.681283618612554098e-03,-2.336037525455182326e-02,-3.362699921361232969e-01,5.695749099941294774e-02,-2.087788343098368193e-01,2.455255129099367661e-01,-1.640610328719858124e-01,1.951739900846049050e-02,6.435012678287206633e-02,0.000000000000000000e+00,0.000000000000000000e+00,0.000000000000000000e+00,0.000000000000000000e+00,0.000000000000000000e+00,0.000000000000000000e+00,0.000000000000000000e+00,0.000000000000000000e+00,0.000000000000000000e+00,0.000000000000000000e+00
3.631406097628236962e-02,-9.719593627566027252e-03,9.307400053887157076e-01,1.858781993900155208e-02,3.300037803643555978e-02,-8.174413493737748837e-01,5.747652636801814374e-01,-5.133937290494504646e-01,2.437996885105579992e-01,2.152095251733097681e-01,5.291107279154804166e-01,-4.901529837647980448e-03,-2.496203424666389864e-02,-3.327237895255163447e-01,6.172686390772473553e-02,-1.890949582491928127e-01,2.387878700851406855e-01,-1.584210565836812745e-01,2.426825309887867613e-02,7.499954863833671603e-02,0.000000000000000000e+00,0.000000000000000000e+00,0.000000000000000000e+00,0.000000000000000000e+00,0.000000000000000000e+00,0.000000000000000000e+00,0.000000000000000000e+00,0.000000000000000000e+00,0.000000000000000000e+00,0.000000000000000000e+00
3.504905496802247777e-02,-1.128737467239612595e-02,9.306973841788686030e-01,1.863191948537599313e-02,3.057064971762797970e-02,-8.268128714298449422e-01,5.613365858289177668e-01,-5.046715327181632293e-01,2.280684022620693419e-01,1.899419932955574986e-01,4.992374184499989154e-01,1.200602092272816390e-03,-2.351484875240934108e-02,-3.338617666805145934e-01,6.519527672067480795e-02,-1.657705393082880008e-01,2.447161569524166080e-01,-1.598777501493789110e-01,2.611614056818780880e-02,8.689647327262790821e-02,0.000000000000000000e+00,0.000000000000000000e+00,0.000000000000000000e+00,0.000000000000000000e+00,0.000000000000000000e+00,0.000000000000000000e+00,0.000000000000000000e+00,0.000000000000000000e+00,0.000000000000000000e+00,0.000000000000000000e+00
3.449455619377611582e-02,-1.442791154054025304e-02,9.306163365048500946e-01,1.852375773730971509e-02,2.976390502013250006e-02,-8.338227325223189768e-01,5.509179894378600784e-01,-4.991274811993569038e-01,2.165285392908494477e-01,1.660505085746360465e-01,4.817048478072515905e-01,5.078901393419821275e-03,-2.214055193605259098e-02,-3.330059833779154821e-01,6.882368154201708166e-02,-1.470251393691616448e-01,2.476741228414412743e-01,-1.597384546604077304e-01,2.919214780529947456e-02,9.287687728349473815e-02,0.000000000000000000e+00,0.000000000000000000e+00,0.000000000000000000e+00,0.000000000000000000e+00,0.000000000000000000e+00,0.000000000000000000e+00,0.000000000000000000e+00,0.000000000000000000e+00,0.000000000000000000e+00,0.000000000000000000e+00
3.398987405654546601e-02,-1.735357269670766145e-02,9.305487393422176012e-01,1.748174802267163722e-02,2.858325773171704887e-02,-8.395238035272666322e-01,5.422888244972637883e-01,-4.915239810188751779e-01,2.088990704293925416e-01,1.506357278522076348e-01,4.732322243764141567e-01,6.659670124960513637e-03,-1.540222467709105938e-02,-3.283800495437445566e-01,7.158400340814795315e-02,-1.327794992755652048e-01,2.483547867797376851e-01,-1.603512792059575975e-01,3.292563624134312028e-02,9.727963350251821184e-02,0.000000000000000000e+00,0.000000000000000000e+00,0.000000000000000000e+00,0.000000000000000000e+00,0.000000000000000000e+00,0.000000000000000000e+00,0.000000000000000000e+00,0.000000000000000000e+00,0.000000000000000000e+00,0.000000000000000000e+00
3.493409354866121308e-02,-2.002056534111747513e-02,9.306837722607520513e-01,1.762813074589227036e-02,2.766229983200408152e-02,-8.448240953541648057e-01,5.340377272098159045e-01,-4.849517969081368340e-01,2.016175496917181897e-01,1.429384106182690073e-01,4.680433903119238237e-01,4.194775356261309929e-03,-7.676491490912642698e-03,-3.278222879646425225e-01,7.117480688418403867e-02,-1.197979785054371360e-01,2.506439826910414337e-01,-1.629025803383520044e-01,3.567878337921860654e-02,9.848251260571835863e-02,0.000000000000000000e+00,0.000000000000000000e+00,0.000000000000000000e+00,0.000000000000000000e+00,0.000000000000000000e+00,0.000000000000000000e+00,0.000000000000000000e+00,0.000000000000000000e+00,0.000000000000000000e+00,0.000000000000000000e+00
3.529876573528533540e-02,-2.247671238032444840e-02,9.309080912386614726e-01,1.800070243905599332e-02,2.648052068671115020e-02,-8.489135338598944314e-01,5.275609621317385312e-01,-4.768215941059631979e-01,1.953155806679788553e-01,1.391989954887450920e-01,4.612513555965950252e-01,9.724099365186131272e-04,-3.589543648757475419e-04,-3.277993783756406043e-01,6.936853815177751459e-02,-1.107937341845710577e-01,2.548546181701833446e-01,-1.657981195307462741e-01,3.807997892815218055e-02,9.695231598410791740e-02,0.000000000000000000e+00,0.000000000000000000e+00,0.000000000000000000e+00,0.000000000000000000e+00,0.000000000000000000e+00,0.000000000000000000e+00,0.000000000000000000e+00,0.000000000000000000e+00,0.000000000000000000e+00,0.000000000000000000e+00
3.805515134717923215e-02,-2.468876301404658580e-02,9.310840356377249050e-01,1.746014538573079089e-02,2.542580595947727465e-02,-8.522377578647069019e-01,5.222446512738602165e-01,-4.712288173902258182e-01,1.884511504853437214e-01,1.373416672006068096e-01,4.598414344922804320e-01,-4.459713677470687754e-03,9.402811042900220337e-03,-3.283653650859854611e-01,6.572117198189972309e-02,-1.022319896625100283e-01,2.601625786712838395e-01,-1.666052580592829180e-01,4.190777357520363705e-02,9.381442434567172084e-02,0.000000000000000000e+00,0.000000000000000000e+00,0.000000000000000000e+00,0.000000000000000000e+00,0.000000000000000000e+00,0.000000000000000000e+00,0.000000000000000000e+00,0.000000000000000000e+00,0.000000000000000000e+00,0.000000000000000000e+00
3.921584532850653365e-02,-2.804624857898360690e-02,9.314440372000246660e-01,1.808563064658466613e-02,2.379185615187366307e-02,-8.558291319357504978e-01,5.163945724686329619e-01,-4.615622889063329404e-01,1.808755766296515355e-01,1.387969753834231712e-01,4.536576779992297359e-01,-1.062567690161431849e-02,1.800005105196710031e-02,-3.302253305059900668e-01,6.059416626202229067e-02,-9.370787584509446266e-02,2.693478918864912197e-01,-1.710066298095197501e-01,4.449834358616558405e-02,8.945000594807366034e-02,0.000000000000000000e+00,0.000000000000000000e+00,0.000000000000000000e+00,0.000000000000000000e+00,0.000000000000000000e+00,0.000000000000000000e+00,0.000000000000000000e+00,0.000000000000000000e+00,0.000000000000000000e+00,0.000000000000000000e+00
4.081451795455277864e-02,-3.099923010423379435e-02,9.316808577713471262e-01,1.820413689383604261e-02,2.227939518718519141e-02,-8.596682997646601931e-01,5.100418142954368239e-01,-4.530734966718441559e-01,1.745120544735919155e-01,1.405381716862171837e-01,4.505881469299632403e-01,-1.481039432419843302e-02,2.764202727074517238e-02,-3.326181238681092944e-01,5.638298655722235458e-02,-8.404239325240105141e-02,2.792075519965501185e-01,-1.749837328017427862e-01,4.727234043472249014e-02,8.569937147115819220e-02,0.000000000000000000e+00,0.000000000000000000e+00,0.000000000000000000e+00,0.000000000000000000e+00,0.000000000000000000e+00,0.000000000000000000e+00,0.000000000000000000e+00,0.000000000000000000e+00,0.000000000000000000e+00,0.000000000000000000e+00
4.360180186528631041e-02,-3.320113901198867845e-02,9.320594787680815951e-01,1.844287881931106626e-02,2.044197801409109588e-02,-8.637098713325976895e-01,5.032367672560839056e-01,-4.434180613797201742e-01,1.663180120980448096e-01,1.435820018567336431e-01,4.434635908697764917e-01,-2.080532656970994140e-02,3.704066187326179871e-02,-3.357108038295079089e-01,5.085103405470696447e-02,-7.303763946592303768e-02,2.868542211588760438e-01,-1.765541542376697914e-01,5.099760213387079938e-02,7.933249261670190233e-02,0.000000000000000000e+00,0.000000000000000000e+00,0.000000000000000000e+00,0.000000000000000000e+00,0.000000000000000000e+00,0.000000000000000000e+00,0.000000000000000000e+00,0.000000000000000000e+00,0.000000000000000000e+00,0.000000000000000000e+00
4.609794906902626305e-02,-3.519846647475729368e-02,9.323510347926340369e-01,1.922551039795935418e-02,1.903292070758303561e-02,-8.673672950982608265e-01,4.969326947114690585e-01,-4.361838613818926347e-01,1.588652961566968669e-01,1.465728320386117944e-01,4.370049025555660105e-01,-2.428909586524850839e-02,4.580157367014355690e-02,-3.401151126714990203e-01,4.571616504533185243e-02,-6.305924222293277093e-02,2.936582253646497498e-01,-1.771098770781759368e-01,5.552815739878882995e-02,7.215586540230467527e-02,0.000000000000000000e+00,0.000000000000000000e+00,0.000000000000000000e+00,0.000000000000000000e+00,0.000000000000000000e+00,0.000000000000000000e+00,0.000000000000000000e+00,0.000000000000000000e+00,0.000000000000000000e+00,0.000000000000000000e+00
4.900858021109032181e-02,-3.794786172894588916e-02,9.328000275926384699e-01,2.011985468328818943e-02,1.727359995418693839e-02,-8.710669393996778309e-01,4.904479598051386668e-01,-4.259711767604270616e-01,1.506418723343335153e-01,1.542836214065316236e-01,4.271437608981616951e-01,-3.011913073461107426e-02,5.479594178368044077e-02,-3.444499832260673466e-01,3.897358237529721658e-02,-5.218490696359610881e-02,3.013928798964596867e-01,-1.775697926680046279e-01,6.019376956567449449e-02,6.302392545513268995e-02,0.000000000000000000e+00,0.000000000000000000e+00,0.000000000000000000e+00,0.000000000000000000e+00,0.000000000000000000e+00,0.000000000000000000e+00,0.000000000000000000e+00,0.000000000000000000e+00,0.000000000000000000e+00,0.000000000000000000e+00
5.158198433090126905e-02,-4.008486891887996784e-02,9.332045539510177568e-01,2.111877366167802528e-02,1.502895345925461118e-02,-8.749044066655601304e-01,4.836014962281744989e-01,-4.148123425669731357e-01,1.419216176354473058e-01,1.622425857693727547e-01,4.151994283573647304e-01,-3.450929171732534939e-02,6.306431139273037390e-02,-3.498673036905541323e-01,3.227071075040045117e-02,-4.001963383158322479e-02,3.102534954699498471e-01,-1.778722393313238725e-01,6.582469184706081500e-02,5.234866204551159863e-02,0.000000000000000000e+00,0.000000000000000000e+00,0.000000000000000000e+00,0.000000000000000000e+00,0.000000000000000000e+00,0.000000000000000000e+00,0.000000000000000000e+00,0.000000000000000000e+00,0.000000000000000000e+00,0.000000000000000000e+00
5.501869313052119848e-02,-4.276927878181614739e-02,9.335402871415068304e-01,2.222045534821543572e-02,1.315164040949400037e-02,-8.791929129318196701e-01,4.757658116858730635e-01,-4.048837001345036435e-01,1.332712771381042161e-01,1.716666014285163633e-01,4.051564624051566255e-01,-3.874203574631178426e-02,7.155110693487151674e-02,-3.564731734794882034e-01,2.554193800765049843e-02,-2.585456168442357150e-02,3.189476920395798998e-01,-1.761053879063393390e-01,7.331565976432176390e-02,4.263256848576180147e-02,0.000000000000000000e+00,0.000000000000000000e+00,0.000000000000000000e+00,0.000000000000000000e+00,0.000000000000000000e+00,0.000000000000000000e+00,0.000000000000000000e+00,0.000000000000000000e+00,0.000000000000000000e+00,0.000000000000000000e+00
5.796420061530012380e-02,-4.615993992360856862e-02,9.338515650273360169e-01,2.407686919056222299e-02,1.181637647054237239e-02,-8.836213762313687159e-01,4.674333546978300946e-01,-3.963769278436345411e-01,1.263119854284011079e-01,1.847997890823603329e-01,3.965259358710842563e-01,-4.170037930466726633e-02,7.839333861761638156e-02,-3.632181452743187822e-01,1.910183930411991915e-02,-1.241279245392353132e-02,3.252170957301450671e-01,-1.745342155706899046e-01,8.184810799089303757e-02,3.239537959557040742e-02,0.000000000000000000e+00,0.000000000000000000e+00,0.000000000000000000e+00,0.000000000000000000e+00,0.000000000000000000e+00,0.000000000000000000e+00,0.000000000000000000e+00,0.000000000000000000e+00,0.000000000000000000e+00,0.000000000000000000e+00
6.073256205136562391e-02,-4.874011411730252291e-02,9.341449574410848333e-01,2.551402745348221174e-02,1.024112158704810170e-02,-8.871167624765530224e-01,4.607255186820670700e-01,-3.876555369414728669e-01,1.188885038556708185e-01,1.959323003036982924e-01,3.858978235946714519e-01,-4.420510593742449368e-02,8.408483460254270736e-02,-3.687160348725328496e-01,1.300964753856393222e-02,1.457572081162462896e-04,3.299523532402333093e-01,-1.710614770257657957e-01,9.064666724706586798e-02,2.209420852261435170e-02,0.000000000000000000e+00,0.000000000000000000e+00,0.000000000000000000e+00,0.000000000000000000e+00,0.000000000000000000e+00,0.000000000000000000e+00,0.000000000000000000e+00,0.000000000000000000e+00,0.000000000000000000e+00,0.000000000000000000e+00
6.410201461662440314e-02,-5.198683135108307651e-02,9.343084404890953376e-01,2.723327546537340771e-02,8.902412186680636400e-03,-8.920189940101038717e-01,4.510889159466086040e-01,-3.798469410041516170e-01,1.115425814740502036e-01,2.083496720932256629e-01,3.779835239465067498e-01,-4.623002605828798600e-02,9.071655999058370057e-02,-3.774032478820334990e-01,7.470049163608842059e-03,1.609932864668076058e-02,3.378085139457306929e-01,-1.688715861941000318e-01,1.001623302572602764e-01,9.817054923002492550e-03,0.000000000000000000e+00,0.000000000000000000e+00,0.000000000000000000e+00,0.000000000000000000e+00,0.000000000000000000e+00,0.000000000000000000e+00,0.000000000000000000e+00,0.000000000000000000e+00,0.000000000000000000e+00,0.000000000000000000e+00
6.682646671899895863e-02,-5.389509012949720429e-02,9.343152876878425550e-01,2.882094859305074641e-02,7.739055099071156553e-03,-8.960205072969310569e-01,4.430087024559667963e-01,-3.751372440723501622e-01,1.058755401945160046e-01,2.182151139243255211e-01,3.721048384614697446e-01,-4.548520979768164163e-02,9.452929452037574232e-02,-3.858736230140146772e-01,3.638268721508765985e-03,3.008817580276111625e-02,3.442196339626881207e-01,-1.670234749616494319e-01,1.091191264990024196e-01,9.774211706855481796e-04,0.000000000000000000e+00,0.000000000000000000e+00,0.000000000000000000e+00,0.000000000000000000e+00,0.000000000000000000e+00,0.000000000000000000e+00,0.000000000000000000e+00,0.000000000000000000e+00,0.000000000000000000e+00,0.000000000000000000e+00
6.865687408397180835e-02,-5.672702302185006484e-02,9.343769403738043655e-01,3.094274945653631079e-02,6.837991083009847121e-03,-9.000363862941762605e-01,4.346611225777365362e-01,-3.695228969012371856e-01,1.000910768458114219e-01,2.280159369610665343e-01,3.644544306770743369e-01,-4.373402672425184129e-02,9.958567400385805179e-02,-3.934120318442239084e-01,-1.211296830104775877e-04,4.309024203672961323e-02,3.488018218647024882e-01,-1.646830131226054705e-01,1.181628668611420796e-01,-8.423227265702083744e-03,0.000000000000000000e+00,0.000000000000000000e+00,0.000000000000000000e+00,0.000000000000000000e+00,0.000000000000000000e+00,0.000000000000000000e+00,0.000000000000000000e+00,0.000000000000000000e+00,0.000000000000000000e+00,0.000000000000000000e+00
7.139979310642528831e-02,-5.986167725999336220e-02,9.343661566535023111e-01,3.264376749195421756e-02,6.034814473171806748e-03,-9.045969258739189334e-01,4.249733722925004842e-01,-3.646170284952261476e-01,9.489822382780468968e-02,2.398592654728949891e-01,3.600166486942874555e-01,-4.271870223722563920e-02,1.039424905615690953e-01,-4.003725944768594114e-01,-3.239655797877909280e-03,5.924010048838099923e-02,3.513404654471150579e-01,-1.604636277643300413e-01,1.277870290528890784e-01,-1.618047848237737230e-02,0.000000000000000000e+00,0.000000000000000000e+00,0.000000000000000000e+00,0.000000000000000000e+00,0.000000000000000000e+00,0.000000000000000000e+00,0.000000000000000000e+00,0.000000000000000000e+00,0.000000000000000000e+00,0.000000000000000000e+00
7.345365881741038050e-02,-6.396913671227628939e-02,9.343811156190247047e-01,3.476027334028616855e-02,5.487387169938072115e-03,-9.087569035672060647e-01,4.158395149553473780e-01,-3.598482912644552778e-01,8.865531683390368012e-02,2.488794051293524157e-01,3.549320791953496368e-01,-4.110710862590885584e-02,1.081489047724911307e-01,-4.066893692493458445e-01,-4.611620736115025140e-03,8.122667903472952089e-02,3.533299647301647028e-01,-1.568457841379146678e-01,1.375555974918536706e-01,-2.704488687918524953e-02,0.000000000000000000e+00,0.000000000000000000e+00,0.000000000000000000e+00,0.000000000000000000e+00,0.000000000000000000e+00,0.000000000000000000e+00,0.000000000000000000e+00,0.000000000000000000e+00,0.000000000000000000e+00,0.000000000000000000e+00
7.668476112459075844e-02,-6.619926122161377824e-02,9.342501596619907644e-01,3.583495266399813056e-02,3.982468929206311146e-03,-9.130026886551655396e-01,4.063570924903795456e-01,-3.538994784958044426e-01,8.194602464310264678e-02,2.593656920389636467e-01,3.477314102323291745e-01,-3.805952860183992037e-02,1.123745680112476220e-01,-4.134145271292953838e-01,-8.880404720182616396e-03,9.546299082775273892e-02,3.557981205664568214e-01,-1.510612588289698410e-01,1.501888089474208710e-01,-3.287971291427389808e-02,0.000000000000000000e+00,0.000000000000000000e+00,0.000000000000000000e+00,0.000000000000000000e+00,0.000000000000000000e+00,0.000000000000000000e+00,0.000000000000000000e+00,0.000000000000000000e+00,0.000000000000000000e+00,0.000000000000000000e+00
8.041048246703397240e-02,-6.926043715384908039e-02,9.341642171096996572e-01,3.697945402676709736e-02,2.767981614401168917e-03,-9.168927085234866992e-01,3.974073719926799475e-01,-3.489989444215098602e-01,7.492384962137682569e-02,2.711379685340862267e-01,3.423639083557646901e-01,-3.780148403797820023e-02,1.164520387372237342e-01,-4.190522799947464794e-01,-1.396676062779623334e-02,1.096079741507059724e-01,3.559318147540401767e-01,-1.447455248269769734e-01,1.636737805058494366e-01,-4.018044622239000385e-02,0.000000000000000000e+00,0.000000000000000000e+00,0.000000000000000000e+00,0.000000000000000000e+00,0.000000000000000000e+00,0.000000000000000000e+00,0.000000000000000000e+00,0.000000000000000000e+00,0.000000000000000000e+00,0.000000000000000000e+00
8.377867432941805970e-02,-7.200746868246762911e-02,9.339577196153669991e-01,3.864082800388264627e-02,1.910123343854340299e-03,-9.210536658019705669e-01,3.875092031845653873e-01,-3.473987710897019077e-01,6.882681391091063916e-02,2.806641390590587370e-01,3.402560434609532836e-01,-3.635345504107806436e-02,1.208754153020366318e-01,-4.267982390365445133e-01,-1.714919121276911249e-02,1.254779987596756075e-01,3.562746526499372957e-01,-1.372389373280354374e-01,1.764379107614792719e-01,-4.737982181833689382e-02,0.000000000000000000e+00,0.000000000000000000e+00,0.000000000000000000e+00,0.000000000000000000e+00,0.000000000000000000e+00,0.000000000000000000e+00,0.000000000000000000e+00,0.000000000000000000e+00,0.000000000000000000e+00,0.000000000000000000e+00
8.818424725212282989e-02,-7.604244520546304953e-02,9.337734994308563019e-01,4.036311268079148529e-02,5.165403284147045138e-04,-9.256212371019828522e-01,3.762922770222648650e-01,-3.424842465012071235e-01,6.021744942350681917e-02,2.958154587978102934e-01,3.345159097323830433e-01,-3.897941510274701565e-02,1.240083735880133098e-01,-4.350181682541003902e-01,-2.443259967719744324e-02,1.386867431888120228e-01,3.566124159089757439e-01,-1.280103301173702024e-01,1.937623973312947723e-01,-5.643012112875435415e-02,0.000000000000000000e+00,0.000000000000000000e+00,0.000000000000000000e+00,0.000000000000000000e+00,0.000000000000000000e+00,0.000000000000000000e+00,0.000000000000000000e+00,0.000000000000000000e+00,0.000000000000000000e+00,0.000000000000000000e+00
9.340730756077721131e-02,-8.082033602454476162e-02,9.334130509547291510e-01,4.173427029304722924e-02,-5.004197900673615709e-04,-9.297423975314633715e-01,3.658374973886436288e-01,-3.401211475491489056e-01,5.124010935912698406e-02,3.091335847817273108e-01,3.326472179085639413e-01,-4.080549357021005796e-02,1.284510734819812594e-01,-4.437095236120007224e-01,-3.161565051075807681e-02,1.528572298417579522e-01,3.583505554030346207e-01,-1.172468308390356151e-01,2.105016899880482184e-01,-6.680728884649936306e-02,0.000000000000000000e+00,0.000000000000000000e+00,0.000000000000000000e+00,0.000000000000000000e+00,0.000000000000000000e+00,0.000000000000000000e+00,0.000000000000000000e+00,0.000000000000000000e+00,0.000000000000000000e+00,0.000000000000000000e+00
9.832419343219751806e-02,-8.603992807403473830e-02,9.330609271241147029e-01,4.376985705799125992e-02,-1.675140683988337632e-03,-9.336055254123339919e-01,3.556151240264823210e-01,-3.362306942911749696e-01,4.093105911984371709e-02,3.250232149012641791e-01,3.259160054161960307e-01,-4.242558231352919207e-02,1.319389280463842407e-01,-4.523299082751972011e-01,-4.201286762392236057e-02,1.611855581876318888e-01,3.577169106203390569e-01,-1.058727865138043844e-01,2.314195808391447395e-01,-7.666179396722583306e-02,0.000000000000000000e+00,0.000000000000000000e+00,0.000000000000000000e+00,0.000000000000000000e+00,0.000000000000000000e+00,0.000000000000000000e+00,0.000000000000000000e+00,0.000000000000000000e+00,0.000000000000000000e+00,0.000000000000000000e+00
1.048691562777186448e-01,-9.063348234695285666e-02,9.325595867960611018e-01,4.540642201232589908e-02,-3.153298493230456169e-03,-9.368826077472347524e-01,3.466688518592214718e-01,-3.332579976574240321e-01,2.870441717652656710e-02,3.399403656458749312e-01,3.170045944433237950e-01,-4.391746175998317153e-02,1.349208076571443982e-01,-4.617025537796675128e-01,-5.386973462496364579e-02,1.691347196136618602e-01,3.563252236574925846e-01,-9.054033947068931831e-02,2.512021156844219671e-01,-8.687567075415204843e-02,0.000000000000000000e+00,0.000000000000000000e+00,0.000000000000000000e+00,0.000000000000000000e+00,0.000000000000000000e+00,0.000000000000000000e+00,0.000000000000000000e+00,0.000000000000000000e+00,0.000000000000000000e+00,0.000000000000000000e+00
1.085759912350754974e-01,-9.405290376835187538e-02,9.320209857248445973e-01,4.779777421549701033e-02,-3.657753132603571919e-03,-9.407723172043995774e-01,3.356328958906276694e-01,-3.310255837272087498e-01,2.298017966679607310e-02,3.573233019365684715e-01,3.096355521564673752e-01,-4.246751570983729740e-02,1.345512686810915182e-01,-4.722311024338632368e-01,-5.845406545811997895e-02,1.714531274553845741e-01,3.552961534096235607e-01,-7.640079104371869101e-02,2.599999450132230439e-01,-9.763041407149600226e-02,0.000000000000000000e+00,0.000000000000000000e+00,0.000000000000000000e+00,0.000000000000000000e+00,0.000000000000000000e+00,0.000000000000000000e+00,0.000000000000000000e+00,0.000000000000000000e+00,0.000000000000000000e+00,0.000000000000000000e+00
1.124239671784432321e-01,-9.648791564102054963e-02,9.315413006890097547e-01,4.910437645053843114e-02,-4.198121985581833131e-03,-9.443455546028919345e-01,3.252423857478498048e-01,-3.267600091943921314e-01,1.833102742479079950e-02,3.749715088284048536e-01,3.009956690469047236e-01,-4.421217527790917423e-02,1.354613650535051450e-01,-4.796248781943470152e-01,-6.291947673941297725e-02,1.630830537502369337e-01,3.522295543415046026e-01,-6.052702053546960004e-02,2.599999999996563393e-01,-1.079121457983123894e-01,0.000000000000000000e+00,0.000000000000000000e+00,0.000000000000000000e+00,0.000000000000000000e+00,0.000000000000000000e+00,0.000000000000000000e+00,0.000000000000000000e+00,0.000000000000000000e+00,0.000000000000000000e+00,0.000000000000000000e+00
1.185840349334212201e-01,-9.779368518339183469e-02,9.308176723454758550e-01,4.850204293943446293e-02,-6.625332209325129548e-03,-9.478447894375053862e-01,3.149506500072463133e-01,-3.201690641052589159e-01,1.091894739306029094e-02,3.970710713654554969e-01,2.923496122098067640e-01,-4.993368838026646106e-02,1.400220730228420030e-01,-4.868417908270926686e-01,-8.025477215748899606e-02,1.343722616989330987e-01,3.535513644721593463e-01,-4.228127251645723977e-02,2.600000000000000089e-01,-1.165747228756519732e-01,0.000000000000000000e+00,0.000000000000000000e+00,0.000000000000000000e+00,0.000000000000000000e+00,0.000000000000000000e+00,0.000000000000000000e+00,0.000000000000000000e+00,0.000000000000000000e+00,0.000000000000000000e+00,0.000000000000000000e+00
1.234017850196394567e-01,-1.027566922848011932e-01,9.296860556061060654e-01,5.061590047824177790e-02,-9.292395383984981133e-03,-9.529070968047564927e-01,2.988640943069828526e-01,-3.150002445337853341e-01,2.987232480376571242e-03,4.344187199455510351e-01,2.856796468942369716e-01,-5.410133406893135460e-02,1.473730966065557590e-01,-4.980615724217566376e-01,-1.254353706009614100e-01,6.810130390165985981e-02,3.594377288938938042e-01,-2.043489983683490288e-02,2.600000000000000089e-01,-1.253006211542564696e-01,0.000000000000000000e+00,0.000000000000000000e+00,0.000000000000000000e+00,0.000000000000000000e+00,0.000000000000000000e+00,0.000000000000000000e+00,0.000000000000000000e+00,0.000000000000000000e+00,0.000000000000000000e+00,0.000000000000000000e+00
1.288925482673766443e-01,-1.069330251424254752e-01,9.288827216812545196e-01,5.378706244568332712e-02,-1.210983560990065017e-02,-9.610312361374007128e-01,2.708860774628011892e-01,-3.072545673518697895e-01,-1.312100998789991757e-03,4.927519423258440723e-01,2.711328047823846621e-01,-5.836713926321378948e-02,1.528851140724559465e-01,-5.046624494232498925e-01,-2.207217063359039333e-01,-9.588602622123283681e-02,3.754504055425241793e-01,6.890767190635247938e-03,2.226878153109066172e-01,-1.231655800279149032e-01,0.000000000000000000e+00,0.000000000000000000e+00,0.000000000000000000e+00,0.000000000000000000e+00,0.000000000000000000e+00,0.000000000000000000e+00,0.000000000000000000e+00,0.000000000000000000e+00,0.000000000000000000e+00,0.000000000000000000e+00
1.324089451046884525e-01,-1.060352455711222192e-01,9.292928316429833746e-01,5.519017405112847108e-02,-1.126718485318539686e-02,-9.677777964201240701e-01,2.454245953238991529e-01,-3.003410304017804511e-01,7.898820260890945105e-03,5.403121866413032048e-01,2.585909652377063606e-01,-6.163711393277250539e-02,1.546319531845742612e-01,-5.062682364644671695e-01,-2.756967250771227840e-01,-2.246731930236307573e-01,4.026624473392828585e-01,9.761011093877877687e-03,1.635101569299568236e-01,-1.203152737373145570e-01,0.000000000000000000e+00,0.000000000000000000e+00,0.000000000000000000e+00,0.000000000000000000e+00,0.000000000000000000e+00,0.000000000000000000e+00,0.000000000000000000e+00,0.000000000000000000e+00,0.000000000000000000e+00,0.000000000000000000e+00
1.362725722898323610e-01,-1.049639059984749934e-01,9.295859997353170812e-01,5.451806467927104716e-02,-1.142988600484003830e-02,-9.725024114717923940e-01,2.261331422217721376e-01,-2.914306052921602497e-01,1.243543013759241395e-02,5.748335717283259427e-01,2.470034047913610697e-01,-6.250700218647539663e-02,1.568144459915743472e-01,-5.088627960741343159e-01,-2.952255926297093214e-01,-2.765401810248414582e-01,4.274553310898819292e-01,-2.524708206582680289e-03,1.441572631079993116e-01,-1.239911480869668042e-01,0.000000000000000000e+00,0.000000000000000000e+00,0.000000000000000000e+00,0.000000000000000000e+00,0.000000000000000000e+00,0.000000000000000000e+00,0.000000000000000000e+00,0.000000000000000000e+00,0.000000000000000000e+00,0.000000000000000000e+00
1.374098889926726463e-01,-1.037728286410611045e-01,9.296961522820611501e-01,5.343545997605793352e-02,-1.238695998668983868e-02,-9.758638487227445646e-01,2.113787207726168238e-01,-2.826673379177221390e-01,1.627927683629999331e-02,6.003491584520567192e-01,2.417995711128181624e-01,-6.327741913378356897e-02,1.598964421801824798e-01,-5.090164152156073651e-01,-3.017551130046291497e-01,-3.025456406693727285e-01,4.491816845128208113e-01,-1.416142291441392989e-02,1.327286332048480955e-01,-1.257400027047329283e-01,0.000000000000000000e+00,0.000000000000000000e+00,0.000000000000000000e+00,0.000000000000000000e+00,0.000000000000000000e+00,0.000000000000000000e+00,0.000000000000000000e+00,0.000000000000000000e+00,0.000000000000000000e+00,0.000000000000000000e+00
1.358306160501322191e-01,-1.028099384383777543e-01,9.298344073891118278e-01,5.146579768360461105e-02,-1.334169437426762674e-02,-9.794203592736389075e-01,1.947024157536587086e-01,-2.705674910149607482e-01,2.413383646135379076e-02,6.284637843865842344e-01,2.427521008503074895e-01,-6.321732570314157751e-02,1.638114642869558379e-01,-5.053815625012697543e-01,-3.026290191841803923e-01,-3.233501450464644211e-01,4.695545332678943140e-01,-3.092386854034137947e-02,1.224789479397858927e-01,-1.278689055105528272e-01,0.000000000000000000e+00,0.000000000000000000e+00,0.000000000000000000e+00,0.000000000000000000e+00,0.000000000000000000e+00,0.000000000000000000e+00,0.000000000000000000e+00,0.000000000000000000e+00,0.000000000000000000e+00,0.000000000000000000e+00
1.323076504312168944e-01,-1.020988362563376856e-01,9.298550833587468922e-01,4.982078653631712151e-02,-1.447644282673372397e-02,-9.822917941354366578e-01,1.800309779070601301e-01,-2.575008874075349063e-01,2.992007801188435040e-02,6.490733665593590995e-01,2.427546073270196447e-01,-6.226439302772045908e-02,1.650930194006338669e-01,-4.972653657102670266e-01,-2.993126800512994068e-01,-3.391188875124090951e-01,4.831671489129416575e-01,-4.196418399953184136e-02,1.140752077174265189e-01,-1.268254991947773691e-01,0.000000000000000000e+00,0.000000000000000000e+00,0.000000000000000000e+00,0.000000000000000000e+00,0.000000000000000000e+00,0.000000000000000000e+00,0.000000000000000000e+00,0.000000000000000000e+00,0.000000000000000000e+00,0.000000000000000000e+00
1.295544891345956351e-01,-1.013801959215171328e-01,9.300211698234300828e-01,4.760430804000881366e-02,-1.505124390442531129e-02,-9.848037273747124454e-01,1.663397380719202068e-01,-2.439736598140820056e-01,3.540090631420382550e-02,6.672024491398476087e-01,2.409698252333113966e-01,-6.082510416333530845e-02,1.659077414743507506e-01,-4.861957672047421686e-01,-2.913008191490591425e-01,-3.473455742058275120e-01,4.888810124905645371e-01,-5.271858617637999872e-02,1.085399285700413413e-01,-1.237165125446174491e-01,0.000000000000000000e+00,0.000000000000000000e+00,0.000000000000000000e+00,0.000000000000000000e+00,0.000000000000000000e+00,0.000000000000000000e+00,0.000000000000000000e+00,0.000000000000000000e+00,0.000000000000000000e+00,0.000000000000000000e+00
1.259152903858460626e-01,-1.006239250821845677e-01,9.304045447293748383e-01,4.567231808804190357e-02,-1.504237692360334624e-02,-9.871062700874664309e-01,1.526727801900626957e-01,-2.280161827969597599e-01,4.101428268308709990e-02,6.864374184835093651e-01,2.345427217531074193e-01,-5.572755553031412401e-02,1.622731004225806684e-01,-4.692414405001289479e-01,-2.811726807234857795e-01,-3.621180586726005513e-01,4.757698000399419036e-01,-6.158270042197318966e-02,1.086836572492039243e-01,-1.184293275727956035e-01,0.000000000000000000e+00,0.000000000000000000e+00,0.000000000000000000e+00,0.000000000000000000e+00,0.000000000000000000e+00,0.000000000000000000e+00,0.000000000000000000e+00,0.000000000000000000e+00,0.000000000000000000e+00,0.000000000000000000e+00
1.236162836605550208e-01,-9.954791500954378314e-02,9.306552697131954544e-01,4.311711006144941516e-02,-1.493457755230651572e-02,-9.891719141398102044e-01,1.394876248642419325e-01,-2.132246964305365977e-01,4.684167428224406821e-02,7.046416547535403474e-01,2.295036857236988359e-01,-4.915994569440623740e-02,1.597081727054998901e-01,-4.523686340343455736e-01,-2.681900551973995794e-01,-3.697294820737908605e-01,4.572257593918579444e-01,-6.522126209648029804e-02,1.111198913168251479e-01,-1.132455967072288766e-01,0.000000000000000000e+00,0.000000000000000000e+00,0.000000000000000000e+00,0.000000000000000000e+00,0.000000000000000000e+00,0.000000000000000000e+00,0.000000000000000000e+00,0.000000000000000000e+00,0.000000000000000000e+00,0.000000000000000000e+00
1.215561126363121081e-01,-9.958428678716819971e-02,9.311449750091406186e-01,4.097216892576290709e-02,-1.368364561337157004e-02,-9.906422383239221752e-01,1.294681229678424361e-01,-1.996616823633288462e-01,5.202400124711457907e-02,7.202138278869499866e-01,2.225731087503584338e-01,-4.244551197196653330e-02,1.575473295931070494e-01,-4.331406138790307447e-01,-2.530519846944609963e-01,-3.718484718976504122e-01,4.264151633958214727e-01,-6.459474649470776930e-02,1.155768523239337625e-01,-1.074299644526565123e-01,0.000000000000000000e+00,0.000000000000000000e+00,0.000000000000000000e+00,0.000000000000000000e+00,0.000000000000000000e+00,0.000000000000000000e+00,0.000000000000000000e+00,0.000000000000000000e+00,0.000000000000000000e+00,0.000000000000000000e+00
1.194302825692232367e-01,-9.917136482417346355e-02,9.316612541941977632e-01,3.887696088857518772e-02,-1.224736225810123084e-02,-9.918602398417127874e-01,1.206310434793947395e-01,-1.882206290026121331e-01,5.827011366870596398e-02,7.317117185706580873e-01,2.187676591499172485e-01,-3.827593529799380723e-02,1.555821357329289778e-01,-4.143814202761210708e-01,-2.376415820743852103e-01,-3.727738433188498846e-01,3.936863946754741717e-01,-6.352339115295267680e-02,1.181349080381076389e-01,-1.004862059848104089e-01,0.000000000000000000e+00,0.000000000000000000e+00,0.000000000000000000e+00,0.000000000000000000e+00,0.000000000000000000e+00,0.000000000000000000e+00,0.000000000000000000e+00,0.000000000000000000e+00,0.000000000000000000e+00,0.000000000000000000e+00
1.178175618329090485e-01,-9.737338414178217660e-02,9.320511834945268692e-01,3.609066288793865568e-02,-1.148114780683006514e-02,-9.930384559689694468e-01,1.115359684770464710e-01,-1.764017428137209242e-01,6.427117857000166912e-02,7.413190874071051706e-01,2.151943581877377165e-01,-3.508066909482528140e-02,1.545180836968118310e-01,-3.980687130586043065e-01,-2.229458871598666014e-01,-3.703886709147345968e-01,3.658949073681279085e-01,-6.275847621889095451e-02,1.194272885247412153e-01,-9.542525120638607750e-02,0.000000000000000000e+00,0.000000000000000000e+00,0.000000000000000000e+00,0.000000000000000000e+00,0.000000000000000000e+00,0.000000000000000000e+00,0.000000000000000000e+00,0.000000000000000000e+00,0.000000000000000000e+00,0.000000000000000000e+00
1.158492040420702890e-01,-9.562182199461574661e-02,9.322088414231856079e-01,3.332911739050085226e-02,-1.104620609540986863e-02,-9.941134247881635577e-01,1.024970727426741945e-01,-1.655391695858221823e-01,7.005266322862546691e-02,7.485295121229206261e-01,2.146391765498698589e-01,-3.252442320564966766e-02,1.540093681276331339e-01,-3.848801529025707158e-01,-2.105988290791283024e-01,-3.658122575237348073e-01,3.455876562295145948e-01,-6.342330093443354633e-02,1.201264272573191738e-01,-9.122831253998063550e-02,0.000000000000000000e+00,0.000000000000000000e+00,0.000000000000000000e+00,0.000000000000000000e+00,0.000000000000000000e+00,0.000000000000000000e+00,0.000000000000000000e+00,0.000000000000000000e+00,0.000000000000000000e+00,0.000000000000000000e+00
1.128387115349724495e-01,-9.353891266774649882e-02,9.322795806569142973e-01,3.124752654510160044e-02,-1.049649091911938718e-02,-9.950412809245594570e-01,9.384170191983239040e-02,-1.566017785243510874e-01,7.729968147634516673e-02,7.534569602410869926e-01,2.173148922107356329e-01,-3.019628954315400210e-02,1.541384947892390223e-01,-3.739056343390729231e-01,-1.983685234638905559e-01,-3.600404866459266384e-01,3.299487180228786176e-01,-6.716071990475885878e-02,1.192431033134948304e-01,-8.715049900049513798e-02,0.000000000000000000e+00,0.000000000000000000e+00,0.000000000000000000e+00,0.000000000000000000e+00,0.000000000000000000e+00,0.000000000000000000e+00,0.000000000000000000e+00,0.000000000000000000e+00,0.000000000000000000e+00,0.000000000000000000e+00
1.107354181327896842e-01,-9.111520788273405613e-02,9.323111493796554239e-01,2.919360378359030575e-02,-1.005918327802561227e-02,-9.957835994343813280e-01,8.638037640236333192e-02,-1.498740740979186692e-01,8.463595141441007663e-02,7.565838191215006336e-01,2.218920562695373688e-01,-3.054752216233255421e-02,1.539631559633930780e-01,-3.645556373080081625e-01,-1.877626778590628653e-01,-3.565243670335100368e-01,3.171721265809818169e-01,-7.094540059042682423e-02,1.170454010689303964e-01,-8.267442992193811679e-02,0.000000000000000000e+00,0.000000000000000000e+00,0.000000000000000000e+00,0.000000000000000000e+00,0.000000000000000000e+00,0.000000000000000000e+00,0.000000000000000000e+00,0.000000000000000000e+00,0.000000000000000000e+00,0.000000000000000000e+00
1.077913301341679314e-01,-8.794871206753535064e-02,9.322478733447816523e-01,2.729787731834915770e-02,-9.501650531073957753e-03,-9.965052385542932933e-01,7.836998191239781530e-02,-1.441356062336855148e-01,9.470936830534240625e-02,7.585476479919891490e-01,2.304904234039631405e-01,-2.907944063666650925e-02,1.531605939415023321e-01,-3.562705660615710368e-01,-1.755143019784019265e-01,-3.499671160403598491e-01,3.069536371539114961e-01,-7.606920137668084225e-02,1.137593677103664463e-01,-7.856058893461578818e-02,0.000000000000000000e+00,0.000000000000000000e+00,0.000000000000000000e+00,0.000000000000000000e+00,0.000000000000000000e+00,0.000000000000000000e+00,0.000000000000000000e+00,0.000000000000000000e+00,0.000000000000000000e+00,0.000000000000000000e+00
1.045248585911755929e-01,-8.325687534374909271e-02,9.321371052545167624e-01,2.533748938407233420e-02,-9.042262195637567473e-03,-9.972200898991299134e-01,6.948626790718742674e-02,-1.384436606573352102e-01,1.068486505559095995e-01,7.598154200288638194e-01,2.405531046159255781e-01,-2.686643573485778327e-02,1.533136828139409213e-01,-3.492966539545304672e-01,-1.616963110870258680e-01,-3.422153922278266536e-01,2.999005320220773374e-01,-8.365116513615428184e-02,1.098333852065789401e-01,-7.517813418881386101e-02,0.000000000000000000e+00,0.000000000000000000e+00,0.000000000000000000e+00,0.000000000000000000e+00,0.000000000000000000e+00,0.000000000000000000e+00,0.000000000000000000e+00,0.000000000000000000e+00,0.000000000000000000e+00,0.000000000000000000e+00
1.000522089709566659e-01,-7.884987441778684714e-02,9.319982853097118491e-01,2.480116776698831210e-02,-7.901975767198877662e-03,-9.976084223045841304e-01,6.403043497687209429e-02,-1.368568288980514525e-01,1.215196430230547076e-01,7.590612561163216920e-01,2.551059886606935612e-01,-2.578169898561714912e-02,1.521746073544563149e-01,-3.422699079882973727e-01,-1.485118116179337533e-01,-3.386057686875324491e-01,2.932700496790805467e-01,-9.125483360544821287e-02,1.049001126421625907e-01,-6.990786172361529438e-02,0.000000000000000000e+00,0.000000000000000000e+00,0.000000000000000000e+00,0.000000000000000000e+00,0.000000000000000000e+00,0.000000000000000000e+00,0.000000000000000000e+00,0.000000000000000000e+00,0.000000000000000000e+00,0.000000000000000000e+00
9.682181150871280173e-02,-7.346952478941852493e-02,9.316901943872043512e-01,2.303344908939471136e-02,-6.572128616392145656e-03,-9.980616039159481145e-01,5.743955202838745000e-02,-1.366166870732883620e-01,1.397340847221122950e-01,7.560095030491499335e-01,2.757723204984821597e-01,-2.346432776948091312e-02,1.539534312065643507e-01,-3.354010623120808332e-01,-1.329594401515528657e-01,-3.320628966189368980e-01,2.881449882160044829e-01,-9.955547096092158543e-02,9.720719658338321245e-02,-6.375514921499891852e-02,0.000000000000000000e+00,0.000000000000000000e+00,0.000000000000000000e+00,0.000000000000000000e+00,0.000000000000000000e+00,0.000000000000000000e+00,0.000000000000000000e+00,0.000000000000000000e+00,0.000000000000000000e+00,0.000000000000000000e+00
9.432006538763947068e-02,-6.657341778692892065e-02,9.311755304080793216e-01,2.141541776098728617e-02,-5.046227015187139224e-03,-9.984607640824103569e-01,5.091186564057212371e-02,-1.401448298949535265e-01,1.624670970605423537e-01,7.519370955884414620e-01,3.025965896784207354e-01,-1.919944125237367516e-02,1.558954530324841714e-01,-3.299324989273804132e-01,-1.155690154254988555e-01,-3.268102818366505624e-01,2.837184905519004596e-01,-1.081290372585049231e-01,8.845069478196980473e-02,-5.670657637974964305e-02,0.000000000000000000e+00,0.000000000000000000e+00,0.000000000000000000e+00,0.000000000000000000e+00,0.000000000000000000e+00,0.000000000000000000e+00,0.000000000000000000e+00,0.000000000000000000e+00,0.000000000000000000e+00,0.000000000000000000e+00
9.043293609544970912e-02,-5.977187124397405349e-02,9.302977772006826296e-01,2.108549956564477468e-02,-1.897046944763680805e-03,-9.987946330991329669e-01,4.428412597450263194e-02,-1.488056432282453823e-01,1.923620851279017607e-01,7.450703631247360681e-01,3.387240704317400208e-01,-9.499737087439407562e-03,1.579922016305191634e-01,-3.247852496133505906e-01,-9.418692232111618157e-02,-3.216936961648921844e-01,2.777902017397710921e-01,-1.166678558190032550e-01,7.840970688266331312e-02,-4.801143808740893082e-02,0.000000000000000000e+00,0.000000000000000000e+00,0.000000000000000000e+00,0.000000000000000000e+00,0.000000000000000000e+00,0.000000000000000000e+00,0.000000000000000000e+00,0.000000000000000000e+00,0.000000000000000000e+00,0.000000000000000000e+00
8.573303920264817302e-02,-5.229627584315871269e-02,9.283548714361642418e-01,2.155135131297620382e-02,4.528319416044124766e-03,-9.992009804021643182e-01,3.335317590882969779e-02,-1.646959517050606558e-01,2.370069420227909063e-01,7.301052215791296041e-01,3.892438799835180596e-01,2.017597968931686414e-02,1.581108890213738516e-01,-3.206762663676266945e-01,-6.247113289854430707e-02,-3.136083632094142648e-01,2.695795051079645788e-01,-1.248869788393988239e-01,7.026715451897828923e-02,-3.534277360944121371e-02,0.000000000000000000e+00,0.000000000000000000e+00,0.000000000000000000e+00,0.000000000000000000e+00,0.000000000000000000e+00,0.000000000000000000e+00,0.000000000000000000e+00,0.000000000000000000e+00,0.000000000000000000e+00,0.000000000000000000e+00
8.023655226070244839e-02,-4.574696846318310195e-02,9.236414944482856937e-01,2.209766209016050115e-02,2.079110823077245235e-02,-9.993487229042130604e-01,1.953338625032615544e-02,-1.886367359130026455e-01,3.074258340429592007e-01,6.829423764116386852e-01,4.409081502810799358e-01,1.100724065228235182e-01,1.337585166966390460e-01,-3.145388513614441606e-01,-8.566734794852738644e-03,-3.095718366668016031e-01,2.582143342488740778e-01,-1.312784878558554691e-01,5.751426275664573567e-02,-1.729844000969944784e-02,0.000000000000000000e+00,0.000000000000000000e+00,0.000000000000000000e+00,0.000000000000000000e+00,0.000000000000000000e+00,0.000000000000000000e+00,0.000000000000000000e+00,0.000000000000000000e+00,0.000000000000000000e+00,0.000000000000000000e+00
7.883687831713864780e-02,-4.028189906323286634e-02,9.153442700625239459e-01,2.205191111242357088e-02,4.900463837295788300e-02,-9.985538298273474167e-01,-1.583531295190829247e-03,-2.143327918267219634e-01,3.796125525340039442e-01,5.702221437202052989e-01,4.525825257567273052e-01,2.841685254980792497e-01,4.970506048825164974e-02,-3.097634923661198303e-01,7.574934938775554349e-02,-2.999970747441628172e-01,2.371744502567063595e-01,-1.277967072579687668e-01,3.950936233567675648e-02,9.500250708916711806e-03,0.000000000000000000e+00,0.000000000000000000e+00,0.000000000000000000e+00,0.000000000000000000e+00,0.000000000000000000e+00,0.000000000000000000e+00,0.000000000000000000e+00,0.000000000000000000e+00,0.000000000000000000e+00,0.000000000000000000e+00
8.074638422487707967e-02,-3.771132637886305539e-02,9.104557192618656369e-01,2.249205827527683485e-02,6.522573531764244703e-02,-9.974988251026112307e-01,-1.535593324174710020e-02,-2.409409640990297363e-01,4.071052677408837916e-01,4.814690474381754237e-01,4.722409468424162982e-01,3.966984549786206626e-01,-1.605327569939964116e-02,-3.118515482722958865e-01,1.246182711651203506e-01,-2.905060722438674303e-01,2.259643023170167520e-01,-1.259528407736981714e-01,2.357335282186918957e-02,3.204657953744508708e-02,0.000000000000000000e+00,0.000000000000000000e+00,0.000000000000000000e+00,0.000000000000000000e+00,0.000000000000000000e+00,0.000000000000000000e+00,0.000000000000000000e+00,0.000000000000000000e+00,0.000000000000000000e+00,0.000000000000000000e+00
8.416838421706625273e-02,-3.498704040073934846e-02,9.096232436726965354e-01,2.190598320050455433e-02,6.717255083422686568e-02,-9.970380648184608008e-01,-3.038212661254897917e-02,-2.616678681049022792e-01,4.073438598303610880e-01,4.392034227200518615e-01,4.920997750298995999e-01,4.254835066656654230e-01,-4.509429413137114318e-02,-3.128425373698592304e-01,1.410533108440064909e-01,-2.735625545314581131e-01,2.151114738823042272e-01,-1.199786227494270968e-01,1.877174677534230313e-02,4.903184358400515530e-02,0.000000000000000000e+00,0.000000000000000000e+00,0.000000000000000000e+00,0.000000000000000000e+00,0.000000000000000000e+00,0.000000000000000000e+00,0.000000000000000000e+00,0.000000000000000000e+00,0.000000000000000000e+00,0.000000000000000000e+00
8.750322373826614764e-02,-3.259447385068502123e-02,9.113276241036533110e-01,2.096764722349632112e-02,6.181961914204893438e-02,-9.969424579392840435e-01,-4.294680450302990060e-02,-2.984637824974775144e-01,3.957333404110155439e-01,4.020413947492279538e-01,5.275313836315610461e-01,3.953769070332471269e-01,-5.425359163357378056e-02,-3.131711776708523409e-01,1.397803949138880231e-01,-2.533025269527869883e-01,2.061846874562908438e-01,-1.138685124022684597e-01,1.571726095309208121e-02,6.636167820893305869e-02,0.000000000000000000e+00,0.000000000000000000e+00,0.000000000000000000e+00,0.000000000000000000e+00,0.000000000000000000e+00,0.000000000000000000e+00,0.000000000000000000e+00,0.000000000000000000e+00,0.000000000000000000e+00,0.000000000000000000e+00
8.967305940751035820e-02,-3.065989613072932565e-02,9.156211271267503671e-01,1.987857786472529281e-02,4.789529756742379185e-02,-9.970396857400488644e-01,-5.676924935550892864e-02,-3.612453882174287978e-01,3.672998208249833585e-01,3.605138042558260203e-01,5.879189896844625451e-01,2.806131153070809958e-01,-4.075031610207090899e-02,-3.147023511798330841e-01,1.186039122208607521e-01,-2.246606060885603662e-01,2.014394713653497038e-01,-1.064330090552312452e-01,1.774973728505251092e-02,8.459502105590219201e-02,0.000000000000000000e+00,0.000000000000000000e+00,0.000000000000000000e+00,0.000000000000000000e+00,0.000000000000000000e+00,0.000000000000000000e+00,0.000000000000000000e+00,0.000000000000000000e+00,0.000000000000000000e+00,0.000000000000000000e+00
9.115520675685379048e-02,-2.826476005542568823e-02,9.193949190221659684e-01,1.974643664406249693e-02,3.432984991591171708e-02,-9.967654490795608835e-01,-6.992981600028275180e-02,-4.285005060535788113e-01,3.370554831611938251e-01,3.180904649497900971e-01,6.497159476827293334e-01,1.663426281321898625e-01,-2.475660483472635204e-02,-3.162317470932423658e-01,9.902148424555413941e-02,-1.957297812273580684e-01,1.927591350226779132e-01,-9.723724762385893561e-02,2.080132385788412835e-02,1.024403461631148982e-01,0.000000000000000000e+00,0.000000000000000000e+00,0.000000000000000000e+00,0.000000000000000000e+00,0.000000000000000000e+00,0.000000000000000000e+00,0.000000000000000000e+00,0.000000000000000000e+00,0.000000000000000000e+00,0.000000000000000000e+00
9.397138747360350708e-02,-2.597577846909870578e-02,9.213248926246456749e-01,2.009240905417585335e-02,2.563221231798420985e-02,-9.961139875519524622e-01,-8.183036473970738134e-02,-4.812358166849724506e-01,3.139567478166563896e-01,2.857291471430224439e-01,6.936514785553120621e-01,1.066317231220581252e-01,-1.748507592052658127e-02,-3.232938739383166560e-01,8.938617155783415424e-02,-1.725876745103916143e-01,1.907193458229729244e-01,-9.103881579225120424e-02,2.061867340458244796e-02,1.190003771705763352e-01,0.000000000000000000e+00,0.000000000000000000e+00,0.000000000000000000e+00,0.000000000000000000e+00,0.000000000000000000e+00,0.000000000000000000e+00,0.000000000000000000e+00,0.000000000000000000e+00,0.000000000000000000e+00,0.000000000000000000e+00
9.589759594912081186e-02,-2.511261678635329231e-02,9.220481038481277425e-01,1.937021559730301920e-02,2.163187963659846808e-02,-9.954165453907857231e-01,-9.111946934313758240e-02,-5.125584058725642933e-01,2.996083715643901857e-01,2.666122701358339953e-01,7.159656550832418365e-01,8.999494791230147617e-02,-1.588985926462160164e-02,-3.262347271517294645e-01,8.661218766716240192e-02,-1.572105933126725918e-01,1.894091265028025328e-01,-8.525565951420571720e-02,2.031037382774234651e-02,1.339137513438994620e-01,0.000000000000000000e+00,0.000000000000000000e+00,0.000000000000000000e+00,0.000000000000000000e+00,0.000000000000000000e+00,0.000000000000000000e+00,0.000000000000000000e+00,0.000000000000000000e+00,0.000000000000000000e+00,0.000000000000000000e+00
9.541582710057375238e-02,-2.405889798968242205e-02,9.224742049557912438e-01,1.972253584918188737e-02,1.906845375066230225e-02,-9.944316785533436898e-01,-1.017499500777033355e-01,-5.349795566279923476e-01,2.837703923444530041e-01,2.469256024060365318e-01,7.222688135985357860e-01,8.744569542990152100e-02,-1.578694901189115971e-02,-3.276210144311296202e-01,8.803531679477939742e-02,-1.398124609887181624e-01,1.862028680169758588e-01,-8.040832052675023212e-02,2.119935921043187774e-02,1.474891654967438737e-01,0.000000000000000000e+00,0.000000000000000000e+00,0.000000000000000000e+00,0.000000000000000000e+00,0.000000000000000000e+00,0.000000000000000000e+00,0.000000000000000000e+00,0.000000000000000000e+00,0.000000000000000000e+00,0.000000000000000000e+00
9.623952587298369166e-02,-2.557436709795394419e-02,9.226131929015446431e-01,1.881824840033869198e-02,1.762750564136556300e-02,-9.933455879670659572e-01,-1.122483293344260780e-01,-5.527140601035761547e-01,2.684395175441441905e-01,2.353632806240660291e-01,7.162518320349475776e-01,8.921938544320751063e-02,-1.550868531973943060e-02,-3.289462474883344534e-01,8.825691463416590610e-02,-1.240631618389024388e-01,1.844747175922102633e-01,-7.412874955649956243e-02,2.392606463754581164e-02,1.602304859012784466e-01,0.000000000000000000e+00,0.000000000000000000e+00,0.000000000000000000e+00,0.000000000000000000e+00,0.000000000000000000e+00,0.000000000000000000e+00,0.000000000000000000e+00,0.000000000000000000e+00,0.000000000000000000e+00,0.000000000000000000e+00
9.519872418531399871e-02,-2.800210887328362028e-02,9.228922576179814374e-01,1.847860899016187664e-02,1.646091193576164347e-02,-9.922507155793418576e-01,-1.217624606367439521e-01,-5.677706488826075315e-01,2.509966581562427246e-01,2.232735393899161203e-01,6.991140547950055462e-01,8.550729354656722014e-02,-1.620090863210801521e-02,-3.298549800186144076e-01,8.718798723422452324e-02,-1.084052533229996063e-01,1.840473977589752730e-01,-6.921911969657307262e-02,2.776860466140410044e-02,1.702908828809642505e-01,0.000000000000000000e+00,0.000000000000000000e+00,0.000000000000000000e+00,0.000000000000000000e+00,0.000000000000000000e+00,0.000000000000000000e+00,0.000000000000000000e+00,0.000000000000000000e+00,0.000000000000000000e+00,0.000000000000000000e+00
9.438364659404345491e-02,-3.072854807702510294e-02,9.229613911684275696e-01,1.748276466636519352e-02,1.550436664153867147e-02,-9.904662114172835263e-01,-1.357595359278951086e-01,-5.782446389379617413e-01,2.300405351037727308e-01,2.063739659285659112e-01,6.650343961591970166e-01,8.602019295458188108e-02,-1.760712982682262340e-02,-3.317862052116650196e-01,8.798616288022760579e-02,-8.796363588787656229e-02,1.860908003545525546e-01,-6.425260806528093616e-02,3.438950495121678719e-02,1.822570365851751417e-01,0.000000000000000000e+00,0.000000000000000000e+00,0.000000000000000000e+00,0.000000000000000000e+00,0.000000000000000000e+00,0.000000000000000000e+00,0.000000000000000000e+00,0.000000000000000000e+00,0.000000000000000000e+00,0.000000000000000000e+00
9.208724746230498304e-02,-3.229420608366257578e-02,9.232353264464535636e-01,1.653554911012852097e-02,1.423456460508764655e-02,-9.888701218102857737e-01,-1.471728065134317309e-01,-5.832558811741254123e-01,2.130724701699548973e-01,1.979327183248265343e-01,6.282661385063417203e-01,8.006743970337991401e-02,-1.975430943955574711e-02,-3.311682778909704195e-01,8.745641981880568350e-02,-7.211424245685404966e-02,1.880342289292104008e-01,-6.084116677325088901e-02,4.106706365904343181e-02,1.903326627419986705e-01,0.000000000000000000e+00,0.000000000000000000e+00,0.000000000000000000e+00,0.000000000000000000e+00,0.000000000000000000e+00,0.000000000000000000e+00,0.000000000000000000e+00,0.000000000000000000e+00,0.000000000000000000e+00,0.000000000000000000e+00
9.004658729725754929e-02,-3.553431222017083835e-02,9.233121359712409548e-01,1.498493185550490818e-02,1.385126963099097414e-02,-9.871303418289696374e-01,-1.586104737636088169e-01,-5.850749735569672483e-01,1.948200766563777109e-01,1.899105488451450219e-01,5.842516884923817377e-01,7.904285218304424321e-02,-2.258430491586862349e-02,-3.298359230119555230e-01,8.608872163036804248e-02,-5.851537227365566363e-02,1.898119756056516061e-01,-5.749881014401918983e-02,5.032224503945893074e-02,1.961605335854492982e-01,0.000000000000000000e+00,0.000000000000000000e+00,0.000000000000000000e+00,0.000000000000000000e+00,0.000000000000000000e+00,0.000000000000000000e+00,0.000000000000000000e+00,0.000000000000000000e+00,0.000000000000000000e+00,0.000000000000000000e+00
8.815208382643251184e-02,-3.676234157565340388e-02,9.235863202362591950e-01,1.395923881341542411e-02,1.228733409437127860e-02,-9.854767070678808194e-01,-1.687892795744114216e-01,-5.868113683561363425e-01,1.768263937720317425e-01,1.783129197458517279e-01,5.382877145658508944e-01,7.401265018769059845e-02,-2.630886372625020064e-02,-3.299686596947979389e-01,8.456202073199886593e-02,-4.475459885623186973e-02,1.928694889023866710e-01,-5.524150808702336241e-02,5.704633710962625504e-02,2.015067294615227600e-01,0.000000000000000000e+00,0.000000000000000000e+00,0.000000000000000000e+00,0.000000000000000000e+00,0.000000000000000000e+00,0.000000000000000000e+00,0.000000000000000000e+00,0.000000000000000000e+00,0.000000000000000000e+00,0.000000000000000000e+00
8.281796258003541744e-02,-3.781245351388184267e-02,9.237845037406623439e-01,1.508041817047147716e-02,1.144221813911622948e-02,-9.834307210091547402e-01,-1.802932988418418092e-01,-5.829518851772436117e-01,1.561215006203428013e-01,1.584700811087498273e-01,4.820321660435321620e-01,7.620481914354360065e-02,-3.514742444041808744e-02,-3.293763201213150138e-01,8.456773201797344874e-02,-3.052620150347872333e-02,1.928244730193032497e-01,-5.266587811596148277e-02,6.547201677796951613e-02,2.049586967367524326e-01,0.000000000000000000e+00,0.000000000000000000e+00,0.000000000000000000e+00,0.000000000000000000e+00,0.000000000000000000e+00,0.000000000000000000e+00,0.000000000000000000e+00,0.000000000000000000e+00,0.000000000000000000e+00,0.000000000000000000e+00
7.792532194384529931e-02,-3.891276569913662553e-02,9.239992763388121810e-01,1.542475755614703369e-02,1.033574071717463343e-02,-9.812660931713720336e-01,-1.917605374167287713e-01,-5.789374848332362600e-01,1.383056221542083297e-01,1.318273486987921184e-01,4.359786281912390038e-01,7.817697561315786747e-02,-4.220599517278042501e-02,-3.304362730962287498e-01,8.424672696536163186e-02,-1.374246267991976675e-02,1.984586375194904995e-01,-5.466247556021607695e-02,7.257936447350039899e-02,2.084608603954529182e-01,0.000000000000000000e+00,0.000000000000000000e+00,0.000000000000000000e+00,0.000000000000000000e+00,0.000000000000000000e+00,0.000000000000000000e+00,0.000000000000000000e+00,0.000000000000000000e+00,0.000000000000000000e+00,0.000000000000000000e+00
7.345444392520052157e-02,-3.868756437136908199e-02,9.241242827592449638e-01,1.575633181948916939e-02,8.948326105777865136e-03,-9.788752576810283434e-01,-2.036538616559924464e-01,-5.705831259447239345e-01,1.218452521400562871e-01,1.020409785140510284e-01,3.962678288351665357e-01,8.272906892409520596e-02,-4.990345994266176533e-02,-3.307529061374528956e-01,8.492862531082909228e-02,2.209037075941618078e-03,2.025575430191041693e-01,-5.781231447105443511e-02,8.025296323083032368e-02,2.131323723014962312e-01,0.000000000000000000e+00,0.000000000000000000e+00,0.000000000000000000e+00,0.000000000000000000e+00,0.000000000000000000e+00,0.000000000000000000e+00,0.000000000000000000e+00,0.000000000000000000e+00,0.000000000000000000e+00,0.000000000000000000e+00
6.844104877323220482e-02,-3.923324404345530925e-02,9.243127390455992964e-01,1.579577674322594355e-02,7.581796802006578358e-03,-9.762719065993665790e-01,-2.158383056344901352e-01,-5.576813647209886149e-01,1.067247400692385995e-01,7.128624148415026174e-02,3.685412523679937880e-01,8.240642856543242689e-02,-5.480638109651637946e-02,-3.298263211536418549e-01,8.412134237883460430e-02,1.822348850703934403e-02,2.058080746029670449e-01,-6.135672472066458494e-02,8.997609440485761223e-02,2.153211990364025663e-01,0.000000000000000000e+00,0.000000000000000000e+00,0.000000000000000000e+00,0.000000000000000000e+00,0.000000000000000000e+00,0.000000000000000000e+00,0.000000000000000000e+00,0.000000000000000000e+00,0.000000000000000000e+00,0.000000000000000000e+00
6.184486082445442984e-02,-4.173217685180467124e-02,9.244594707558920765e-01,1.594036910939454488e-02,7.175243506805496427e-03,-9.733778175497818097e-01,-2.285389350095445027e-01,-5.459526205753155725e-01,9.506969873247103631e-02,4.528138908871714302e-02,3.578610787684836092e-01,8.085163148322960236e-02,-5.430290647854828234e-02,-3.297223688615042447e-01,8.324991729581389388e-02,3.764852137057986270e-02,2.122942524386774998e-01,-6.733109647125462560e-02,9.714271409688930714e-02,2.161118539301705721e-01,0.000000000000000000e+00,0.000000000000000000e+00,0.000000000000000000e+00,0.000000000000000000e+00,0.000000000000000000e+00,0.000000000000000000e+00,0.000000000000000000e+00,0.000000000000000000e+00,0.000000000000000000e+00,0.000000000000000000e+00
5.570803326805392336e-02,-4.198071995780568860e-02,9.249037164122425603e-01,1.544726193370325740e-02,5.462691852021351463e-03,-9.707680585621787372e-01,-2.394596366235835494e-01,-5.339073891856329634e-01,8.677757615317871487e-02,3.103788621374519233e-02,3.554003109702829621e-01,7.181284538279497642e-02,-4.929745926476710588e-02,-3.270984700658996491e-01,8.048675471958252614e-02,5.303776896722069145e-02,2.173654620596751630e-01,-7.437053554650457921e-02,1.030253190566458171e-01,2.159408247553075699e-01,0.000000000000000000e+00,0.000000000000000000e+00,0.000000000000000000e+00,0.000000000000000000e+00,0.000000000000000000e+00,0.000000000000000000e+00,0.000000000000000000e+00,0.000000000000000000e+00,0.000000000000000000e+00,0.000000000000000000e+00
4.990485503504715065e-02,-4.431349144869406453e-02,9.254510511171325504e-01,1.492519044786067180e-02,3.671975534970522807e-03,-9.684403637826617395e-01,-2.487710133481607078e-01,-5.242759675435684219e-01,7.777119791181390240e-02,2.474471382087654187e-02,3.569602058592649674e-01,5.786423353574995238e-02,-4.014724575917877347e-02,-3.268185977700374112e-01,7.516184544065354634e-02,7.011992546364591294e-02,2.242784907979615550e-01,-8.116027964494451630e-02,1.098576492167818580e-01,2.089632286434343345e-01,0.000000000000000000e+00,0.000000000000000000e+00,0.000000000000000000e+00,0.000000000000000000e+00,0.000000000000000000e+00,0.000000000000000000e+00,0.000000000000000000e+00,0.000000000000000000e+00,0.000000000000000000e+00,0.000000000000000000e+00
4.177244014564455293e-02,-4.519358796782574350e-02,9.262688332570685468e-01,1.454229674560887642e-02,1.000881018038927896e-03,-9.661636380643410238e-01,-2.575176582776930734e-01,-5.146904267807570488e-01,6.796068672329098892e-02,2.444945877951684721e-02,3.636931087271971230e-01,3.681201536776516903e-02,-2.445543459102819672e-02,-3.256332835006281456e-01,6.758614994968158152e-02,8.595452763204772251e-02,2.344081716016392924e-01,-8.977396262438742947e-02,1.176463771252877905e-01,1.978475350960595958e-01,0.000000000000000000e+00,0.000000000000000000e+00,0.000000000000000000e+00,0.000000000000000000e+00,0.000000000000000000e+00,0.000000000000000000e+00,0.000000000000000000e+00,0.000000000000000000e+00,0.000000000000000000e+00,0.000000000000000000e+00
3.482468525601357945e-02,-4.771560348186702771e-02,9.269792231549808248e-01,1.339311048690364214e-02,-1.378459320149127108e-03,-9.635752323416703069e-01,-2.670982891354489741e-01,-5.044398794241091721e-01,5.883414997835058335e-02,2.923123207493352055e-02,3.679200910877729602e-01,1.751216279950495308e-02,-9.839363224831084581e-03,-3.233991967889329189e-01,5.901990838170993736e-02,1.031448897065635195e-01,2.400772296363845593e-01,-9.414390130521568811e-02,1.293543574124972617e-01,1.866714085359411357e-01,0.000000000000000000e+00,0.000000000000000000e+00,0.000000000000000000e+00,0.000000000000000000e+00,0.000000000000000000e+00,0.000000000000000000e+00,0.000000000000000000e+00,0.000000000000000000e+00,0.000000000000000000e+00,0.000000000000000000e+00
2.720967188182373681e-02,-4.887165269376469307e-02,9.278266558472679781e-01,1.231306879639285784e-02,-4.182719225525059238e-03,-9.610463875791175337e-01,-2.760810281743814598e-01,-4.927352486966470324e-01,4.986723396851214934e-02,3.634103337217852586e-02,3.710466292824576295e-01,-3.256085843590224294e-03,4.712674211339807663e-03,-3.215804302128453807e-01,5.099847379236378819e-02,1.214144907323895517e-01,2.485382768235149531e-01,-9.887176081587463472e-02,1.365739016084207280e-01,1.729835771544103729e-01,0.000000000000000000e+00,0.000000000000000000e+00,0.000000000000000000e+00,0.000000000000000000e+00,0.000000000000000000e+00,0.000000000000000000e+00,0.000000000000000000e+00,0.000000000000000000e+00,0.000000000000000000e+00,0.000000000000000000e+00
2.036937196669484987e-02,-5.078760412142794417e-02,9.285581386170648210e-01,1.098775104610352077e-02,-6.982978005437970315e-03,-9.585793772862089002e-01,-2.845278277896687857e-01,-4.801006929234794551e-01,3.995378362419008123e-02,4.357964257887993187e-02,3.691223145494924029e-01,-2.066261159953641444e-02,1.613326737318575982e-02,-3.196867844219251076e-01,4.129784242044652609e-02,1.369736754659185429e-01,2.545816269654204156e-01,-1.012537511086758768e-01,1.472949777186585152e-01,1.598084106689923456e-01,0.000000000000000000e+00,0.000000000000000000e+00,0.000000000000000000e+00,0.000000000000000000e+00,0.000000000000000000e+00,0.000000000000000000e+00,0.000000000000000000e+00,0.000000000000000000e+00,0.000000000000000000e+00,0.000000000000000000e+00
1.301026501001219943e-02,-5.232319505447630137e-02,9.293071276084653443e-01,9.856320637770595028e-03,-9.844518300321521143e-03,-9.559547858805995668e-01,-2.931831948712206315e-01,-4.675458623901200816e-01,3.059864667823253281e-02,5.391675231978956817e-02,3.678405506911663347e-01,-3.750729733090700513e-02,2.962905836327303644e-02,-3.184390914221941205e-01,3.221272717086227921e-02,1.544620549992611336e-01,2.617150113853554672e-01,-1.030471888361049054e-01,1.556567920684734097e-01,1.425577477510607260e-01,0.000000000000000000e+00,0.000000000000000000e+00,0.000000000000000000e+00,0.000000000000000000e+00,0.000000000000000000e+00,0.000000000000000000e+00,0.000000000000000000e+00,0.000000000000000000e+00,0.000000000000000000e+00,0.000000000000000000e+00
5.959889258091371524e-03,-5.375988064968680036e-02,9.299649714665660927e-01,9.285764973881121750e-03,-1.273840072555498630e-02,-9.538496211409855929e-01,-2.998706520568524825e-01,-4.558942013690489015e-01,2.013997431581480285e-02,6.157420849909414629e-02,3.632136291643400239e-01,-5.361076341435621478e-02,3.943871912018943188e-02,-3.208998534214527187e-01,2.319611940616891910e-02,1.691770290548187949e-01,2.741267487726212759e-01,-1.068586622009174841e-01,1.635440409391599181e-01,1.237565237627686610e-01,0.000000000000000000e+00,0.000000000000000000e+00,0.000000000000000000e+00,0.000000000000000000e+00,0.000000000000000000e+00,0.000000000000000000e+00,0.000000000000000000e+00,0.000000000000000000e+00,0.000000000000000000e+00,0.000000000000000000e+00
-1.648358169943232171e-03,-5.519921898164567575e-02,9.306161735830758008e-01,8.474627650663681122e-03,-1.557357375621282528e-02,-9.518867744648801255e-01,-3.059366161241369730e-01,-4.423959744346281364e-01,8.454572335412618295e-03,6.830823051847954852e-02,3.558135236953772207e-01,-6.804017804438805550e-02,4.792837889822093578e-02,-3.208010870125789227e-01,1.267925284814611780e-02,1.817728243585120251e-01,2.832878857183078192e-01,-1.086061854597334952e-01,1.729898768559183231e-01,1.058098545543917079e-01,0.000000000000000000e+00,0.000000000000000000e+00,0.000000000000000000e+00,0.000000000000000000e+00,0.000000000000000000e+00,0.000000000000000000e+00,0.000000000000000000e+00,0.000000000000000000e+00,0.000000000000000000e+00,0.000000000000000000e+00
-1.008605777045388022e-02,-5.498075814206596079e-02,9.313600283561305204e-01,8.481566194308126291e-03,-1.894783554922629260e-02,-9.496035279746000146e-01,-3.127653788722186690e-01,-4.277048841137026103e-01,-3.057589897963588349e-03,7.499257786661370218e-02,3.459962561634193356e-01,-8.352749813370878573e-02,5.938676798333663437e-02,-3.234110394713231584e-01,3.246986539789060988e-03,1.940816893093062490e-01,2.972765749685283287e-01,-1.140006458360401237e-01,1.775822997727136143e-01,8.427753563587883634e-02,0.000000000000000000e+00,0.000000000000000000e+00,0.000000000000000000e+00,0.000000000000000000e+00,0.000000000000000000e+00,0.000000000000000000e+00,0.000000000000000000e+00,0.000000000000000000e+00,0.000000000000000000e+00,0.000000000000000000e+00
-1.789371869764262366e-02,-5.805809631961309641e-02,9.317479583549962419e-01,7.980170885938171754e-03,-2.156141105245232628e-02,-9.477110591660469208e-01,-3.183004410308378773e-01,-4.140617822380927016e-01,-1.646798341603578769e-02,8.249370238581928139e-02,3.331552815222877384e-01,-9.347857658477032317e-02,6.594631580582702157e-02,-3.250177610584499832e-01,-9.706151109560027385e-03,2.040935725325508654e-01,3.052627720028636138e-01,-1.118225254732185675e-01,1.919179603383052712e-01,6.583374989798290722e-02,0.000000000000000000e+00,0.000000000000000000e+00,0.000000000000000000e+00,0.000000000000000000e+00,0.000000000000000000e+00,0.000000000000000000e+00,0.000000000000000000e+00,0.000000000000000000e+00,0.000000000000000000e+00,0.000000000000000000e+00
-2.427142861818994135e-02,-6.046201900058020134e-02,9.320331517191159376e-01,6.930668665036361989e-03,-2.373351415674942663e-02,-9.457760902567911021e-01,-3.238769415012518471e-01,-3.987772040908125204e-01,-2.803945710649791839e-02,8.803134516080576843e-02,3.168463426292024154e-01,-9.948046281043501637e-02,7.060034658241405581e-02,-3.252776471148501325e-01,-2.078171208009691601e-02,2.127904156413397696e-01,3.111873060477780006e-01,-1.103673030698908153e-01,2.058417697726320772e-01,4.992681186272384525e-02,0.000000000000000000e+00,0.000000000000000000e+00,0.000000000000000000e+00,0.000000000000000000e+00,0.000000000000000000e+00,0.000000000000000000e+00,0.000000000000000000e+00,0.000000000000000000e+00,0.000000000000000000e+00,0.000000000000000000e+00
-2.908338381794462954e-02,-6.256765736077694873e-02,9.322099630516003099e-01,5.856871047287309090e-03,-2.606917906848364025e-02,-9.436140036831119904e-01,-3.299677363279003850e-01,-3.835079434500092144e-01,-3.809813216934141572e-02,9.486515034320541773e-02,2.972262863905852925e-01,-1.011152197105410627e-01,7.393369114293128763e-02,-3.265693751590774685e-01,-3.033912691625838265e-02,2.231570082750825024e-01,3.153456393801378210e-01,-1.085332003066381695e-01,2.193638145808405882e-01,3.461530546213564818e-02,0.000000000000000000e+00,0.000000000000000000e+00,0.000000000000000000e+00,0.000000000000000000e+00,0.000000000000000000e+00,0.000000000000000000e+00,0.000000000000000000e+00,0.000000000000000000e+00,0.000000000000000000e+00,0.000000000000000000e+00
-3.412246151610840578e-02,-6.587392935342559208e-02,9.321784528188657992e-01,5.042620172382498295e-03,-2.779542738907075580e-02,-9.411773242703281861e-01,-3.367302042843813847e-01,-3.714422239807572135e-01,-4.755366185173894727e-02,1.024525023218193498e-01,2.822475319246024461e-01,-1.040852097822675820e-01,7.644701480720926534e-02,-3.302735271643312820e-01,-3.863967266309122073e-02,2.362261897374404451e-01,3.220236500749864561e-01,-1.072262248768900555e-01,2.330723966638298394e-01,2.067317655446552355e-02,0.000000000000000000e+00,0.000000000000000000e+00,0.000000000000000000e+00,0.000000000000000000e+00,0.000000000000000000e+00,0.000000000000000000e+00,0.000000000000000000e+00,0.000000000000000000e+00,0.000000000000000000e+00,0.000000000000000000e+00
-3.857228506845433724e-02,-6.812902633809227171e-02,9.321034796287773760e-01,4.496678643759497579e-03,-2.967231097900136297e-02,-9.387223932381449920e-01,-3.433651151115815758e-01,-3.608613241747209988e-01,-5.513306986593639186e-02,1.121927129052488203e-01,2.691498299227827462e-01,-1.056822759178400184e-01,7.864274784263160234e-02,-3.353010979250306001e-01,-4.596777313485404803e-02,2.462915431631870211e-01,3.301548362236174095e-01,-1.072297089401998277e-01,2.428147995077051258e-01,9.416446985994798152e-03,0.000000000000000000e+00,0.000000000000000000e+00,0.000000000000000000e+00,0.000000000000000000e+00,0.000000000000000000e+00,0.000000000000000000e+00,0.000000000000000000e+00,0.000000000000000000e+00,0.000000000000000000e+00,0.000000000000000000e+00
-4.213405608495481708e-02,-6.918527605852044238e-02,9.319617794773586983e-01,4.074708160400628346e-03,-3.152142498655988861e-02,-9.359669466925858439e-01,-3.506503546542945604e-01,-3.530657331494844731e-01,-6.036157378351875158e-02,1.216606722813123320e-01,2.612585648332162447e-01,-1.074802532555165224e-01,8.141172394427066694e-02,-3.413563207312680925e-01,-5.069013104830757260e-02,2.565818037193347556e-01,3.393861993762821161e-01,-1.087624210191851515e-01,2.506442090141392520e-01,-7.436937110550170815e-05,0.000000000000000000e+00,0.000000000000000000e+00,0.000000000000000000e+00,0.000000000000000000e+00,0.000000000000000000e+00,0.000000000000000000e+00,0.000000000000000000e+00,0.000000000000000000e+00,0.000000000000000000e+00,0.000000000000000000e+00
-4.638211900618650907e-02,-7.042129545217666597e-02,9.318098199007378568e-01,4.419919430028171510e-03,-3.344198804774781153e-02,-9.332273890546308737e-01,-3.576992284950065715e-01,-3.465679025889828457e-01,-6.586098823807676195e-02,1.322166095116977802e-01,2.534366985434636788e-01,-1.104795623064148552e-01,8.407842457052089324e-02,-3.475567809827497245e-01,-5.679104245590463340e-02,2.640398890567150492e-01,3.459334558601673271e-01,-1.080712569526691980e-01,2.599988704901831649e-01,-8.779224470173735417e-03,0.000000000000000000e+00,0.000000000000000000e+00,0.000000000000000000e+00,0.000000000000000000e+00,0.000000000000000000e+00,0.000000000000000000e+00,0.000000000000000000e+00,0.000000000000000000e+00,0.000000000000000000e+00,0.000000000000000000e+00
-4.894521934516138373e-02,-6.994314221488040495e-02,9.317474316403717705e-01,4.924500759680356873e-03,-3.447555079342556200e-02,-9.296731229205447145e-01,-3.667356953023795385e-01,-3.405882456010985715e-01,-6.547313324077658203e-02,1.436384758630278591e-01,2.482545548091868448e-01,-1.125316288111022911e-01,8.630123639362061172e-02,-3.525652423723673046e-01,-5.665255052517838286e-02,2.650143981453852993e-01,3.494735528130162305e-01,-1.060716138994509394e-01,2.599999998588112815e-01,-1.492906617665976446e-02,0.000000000000000000e+00,0.000000000000000000e+00,0.000000000000000000e+00,0.000000000000000000e+00,0.000000000000000000e+00,0.000000000000000000e+00,0.000000000000000000e+00,0.000000000000000000e+00,0.000000000000000000e+00,0.000000000000000000e+00
-5.176388578339209678e-02,-6.924632094279307981e-02,9.317197364809960414e-01,5.827279687989544987e-03,-3.577517125539717707e-02,-9.264547321280922620e-01,-3.746569220641065567e-01,-3.341319740634469682e-01,-6.518796122589647080e-02,1.585405539576542622e-01,2.411077385769684889e-01,-1.143107971001180723e-01,8.804826611312825679e-02,-3.573922344698984288e-01,-5.906542421779503033e-02,2.589014037033388060e-01,3.513771377787661687e-01,-1.027834577540662764e-01,2.599999999999823563e-01,-1.971568886832261377e-02,0.000000000000000000e+00,0.000000000000000000e+00,0.000000000000000000e+00,0.000000000000000000e+00,0.000000000000000000e+00,0.000000000000000000e+00,0.000000000000000000e+00,0.000000000000000000e+00,0.000000000000000000e+00,0.000000000000000000e+00
-5.447715621745037595e-02,-7.048172549578535229e-02,9.315565310972205859e-01,6.176942937784087734e-03,-3.644524640482035144e-02,-9.227930607553390674e-01,-3.835186519743575828e-01,-3.286229423726416687e-01,-6.563604839468661911e-02,1.731337555631766167e-01,2.355171613927506957e-01,-1.159657068431728388e-01,8.964877321553725575e-02,-3.630836678079922830e-01,-6.140246449778678089e-02,2.553318407419354341e-01,3.536784469103391726e-01,-9.624693359260352854e-02,2.600000000000000089e-01,-2.730575777141630231e-02,0.000000000000000000e+00,0.000000000000000000e+00,0.000000000000000000e+00,0.000000000000000000e+00,0.000000000000000000e+00,0.000000000000000000e+00,0.000000000000000000e+00,0.000000000000000000e+00,0.000000000000000000e+00,0.000000000000000000e+00
-5.505955566882686503e-02,-7.153164822413293766e-02,9.313532186938935364e-01,6.236707920397538754e-03,-3.746424058440723376e-02,-9.185954537368876682e-01,-3.933699613921614602e-01,-3.245210469134743869e-01,-6.430945869150617167e-02,1.900383043548805606e-01,2.301394774679033084e-01,-1.148344432120454311e-01,9.247730330817033328e-02,-3.701606858045336512e-01,-6.492330609540411523e-02,2.467903943575203152e-01,3.532897724764094693e-01,-8.850432752253360735e-02,2.600000000000000089e-01,-3.313791248222118513e-02,0.000000000000000000e+00,0.000000000000000000e+00,0.000000000000000000e+00,0.000000000000000000e+00,0.000000000000000000e+00,0.000000000000000000e+00,0.000000000000000000e+00,0.000000000000000000e+00,0.000000000000000000e+00,0.000000000000000000e+00
-5.617312979723598082e-02,-7.332210480894926774e-02,9.310043546553874450e-01,6.038768098578569700e-03,-3.852940256204171604e-02,-9.139569189082332734e-01,-4.039328765993588921e-01,-3.193012435075859856e-01,-6.353538654512219663e-02,2.113472874072883090e-01,2.235020932677967975e-01,-1.135103896504354726e-01,9.451881672335364637e-02,-3.797932264401852054e-01,-7.440361961867283935e-02,2.274622422345046191e-01,3.558675644906185709e-01,-7.831686592783015932e-02,2.600000000000000089e-01,-3.864143275098015640e-02,0.000000000000000000e+00,0.000000000000000000e+00,0.000000000000000000e+00,0.000000000000000000e+00,0.000000000000000000e+00,0.000000000000000000e+00,0.000000000000000000e+00,0.000000000000000000e+00,0.000000000000000000e+00,0.000000000000000000e+00
-5.830040635416360723e-02,-7.456915484511918157e-02,9.305970690450143801e-01,6.310708452485008606e-03,-4.079771559729807734e-02,-9.077949260218213245e-01,-4.173776391349993120e-01,-3.137543759216059325e-01,-6.379954706026201572e-02,2.385919259509509394e-01,2.154615266243975202e-01,-1.128942380618547653e-01,9.969304533590088446e-02,-3.936218638284890714e-01,-9.822358387201921004e-02,1.890968290808410224e-01,3.586013829954053378e-01,-6.482806026442546055e-02,2.600000000000000089e-01,-4.418388242983256609e-02,0.000000000000000000e+00,0.000000000000000000e+00,0.000000000000000000e+00,0.000000000000000000e+00,0.000000000000000000e+00,0.000000000000000000e+00,0.000000000000000000e+00,0.000000000000000000e+00,0.000000000000000000e+00,0.000000000000000000e+00
-6.357231161506866901e-02,-7.856482392264060866e-02,9.299336986124411286e-01,6.193728401270506313e-03,-4.480051810892927283e-02,-8.985802587558147092e-01,-4.364723013892131687e-01,-3.073659498789708677e-01,-7.013930401343362875e-02,2.790381167586700739e-01,2.046735846912156043e-01,-1.128463665020298934e-01,1.075857044304610599e-01,-4.134186002103794610e-01,-1.548788315721516262e-01,1.151923643987274037e-01,3.621365758383736644e-01,-4.589485089502257087e-02,2.600000000000000089e-01,-4.811748649302931280e-02,0.000000000000000000e+00,0.000000000000000000e+00,0.000000000000000000e+00,0.000000000000000000e+00,0.000000000000000000e+00,0.000000000000000000e+00,0.000000000000000000e+00,0.000000000000000000e+00,0.000000000000000000e+00,0.000000000000000000e+00
-6.798105547356395051e-02,-8.415347302617391667e-02,9.295223717375218353e-01,6.619335496170296318e-03,-4.950659976374278265e-02,-8.876545228225450890e-01,-4.577933257378286602e-01,-3.044030872091195161e-01,-7.764049359723892985e-02,3.218776124842098740e-01,1.913306772106659615e-01,-1.112511626610449417e-01,1.170122668375529612e-01,-4.351206175563327450e-01,-2.319992745113403088e-01,2.563798274262545779e-03,3.739162953322801020e-01,-3.180508638757380269e-02,2.405722358672276739e-01,-4.412668114621673410e-02,0.000000000000000000e+00,0.000000000000000000e+00,0.000000000000000000e+00,0.000000000000000000e+00,0.000000000000000000e+00,0.000000000000000000e+00,0.000000000000000000e+00,0.000000000000000000e+00,0.000000000000000000e+00,0.000000000000000000e+00
-6.890362836837929383e-02,-8.664800878548967189e-02,9.301912585488597562e-01,8.651437949414780837e-03,-4.838129125007310100e-02,-8.769824739318564655e-01,-4.780022423532589992e-01,-2.981803959489763289e-01,-6.693889669905270234e-02,3.577361919605557827e-01,1.796640368189491022e-01,-1.101887851589190420e-01,1.195170660463776291e-01,-4.448933897736303544e-01,-2.793519574401437389e-01,-1.198128907985671066e-01,3.980956452679252355e-01,-3.297970089591845122e-02,1.817263248317333435e-01,-3.597229438570513638e-02,0.000000000000000000e+00,0.000000000000000000e+00,0.000000000000000000e+00,0.000000000000000000e+00,0.000000000000000000e+00,0.000000000000000000e+00,0.000000000000000000e+00,0.000000000000000000e+00,0.000000000000000000e+00,0.000000000000000000e+00
-6.930355549757750977e-02,-8.844912726137724168e-02,9.306973573284935686e-01,1.030111011274789309e-02,-4.751985299035098309e-02,-8.672775217995207786e-01,-4.954447001265651074e-01,-2.942933672100701559e-01,-5.696015322116605717e-02,3.883205744684747884e-01,1.739409152040989059e-01,-1.110906081380407806e-01,1.223904260574138342e-01,-4.492902347502850113e-01,-3.045337098596569425e-01,-1.976341533918864191e-01,4.228234347752203304e-01,-4.304916858683692504e-02,1.438242957778883557e-01,-3.001734098819822116e-02,0.000000000000000000e+00,0.000000000000000000e+00,0.000000000000000000e+00,0.000000000000000000e+00,0.000000000000000000e+00,0.000000000000000000e+00,0.000000000000000000e+00,0.000000000000000000e+00,0.000000000000000000e+00,0.000000000000000000e+00
-7.079920653622297222e-02,-8.920716468122259768e-02,9.309940966668472928e-01,1.129728246647777531e-02,-4.728531295894287251e-02,-8.591773945039181681e-01,-5.093630094153933641e-01,-2.884604961849470128e-01,-5.205469436428964564e-02,4.117544891636394921e-01,1.670398210480467105e-01,-1.124565241630139378e-01,1.257009495219474360e-01,-4.495538718321096527e-01,-3.152375321023797028e-01,-2.400727780770148811e-01,4.413361866087932572e-01,-5.286642154054078946e-02,1.235850271340867002e-01,-2.777943413424944358e-02,0.000000000000000000e+00,0.000000000000000000e+00,0.000000000000000000e+00,0.000000000000000000e+00,0.000000000000000000e+00,0.000000000000000000e+00,0.000000000000000000e+00,0.000000000000000000e+00,0.000000000000000000e+00,0.000000000000000000e+00
-7.072470128627109109e-02,-8.969261724460125818e-02,9.310612636947985798e-01,1.145254491420985912e-02,-4.780963187997621516e-02,-8.518065206213621954e-01,-5.215445616065976786e-01,-2.837202231527151119e-01,-4.859033299871136358e-02,4.312719992041592065e-01,1.612478957849076966e-01,-1.123866740710885992e-01,1.287193201672491849e-01,-4.482407270395727950e-01,-3.186858775156241053e-01,-2.648819307356709007e-01,4.534479422979168506e-01,-6.003225262769005394e-02,1.135498956903616130e-01,-2.658419501998392220e-02,0.000000000000000000e+00,0.000000000000000000e+00,0.000000000000000000e+00,0.000000000000000000e+00,0.000000000000000000e+00,0.000000000000000000e+00,0.000000000000000000e+00,0.000000000000000000e+00,0.000000000000000000e+00,0.000000000000000000e+00
-7.147978161165580158e-02,-8.898128658286355575e-02,9.313232704675287188e-01,1.213419531419634469e-02,-4.816163223352708939e-02,-8.447076195168303769e-01,-5.329186204430180762e-01,-2.771827271493872424e-01,-4.521628840715813391e-02,4.500458866383418299e-01,1.537027926918282106e-01,-1.123541833702797754e-01,1.303752267357436156e-01,-4.448586925614216869e-01,-3.179119761698596114e-01,-2.854495964298409127e-01,4.584423331815524749e-01,-6.880760157094761853e-02,1.065148861755399745e-01,-2.411272289174845596e-02,0.000000000000000000e+00,0.000000000000000000e+00,0.000000000000000000e+00,0.000000000000000000e+00,0.000000000000000000e+00,0.000000000000000000e+00,0.000000000000000000e+00,0.000000000000000000e+00,0.000000000000000000e+00,0.000000000000000000e+00
-7.037172290724395818e-02,-8.754833319294415273e-02,9.316400132225505226e-01,1.244586509478984651e-02,-4.850376618930815620e-02,-8.379238788051144304e-01,-5.434851041525313731e-01,-2.705313533283274507e-01,-4.029367445537833381e-02,4.661507158510656001e-01,1.463357318703054077e-01,-1.108250771938268375e-01,1.308397452013595752e-01,-4.416489626259605394e-01,-3.127794591227687770e-01,-2.990411085060200591e-01,4.614115859616741422e-01,-8.014480149128751230e-02,1.006059961450045392e-01,-2.193395901438432993e-02,0.000000000000000000e+00,0.000000000000000000e+00,0.000000000000000000e+00,0.000000000000000000e+00,0.000000000000000000e+00,0.000000000000000000e+00,0.000000000000000000e+00,0.000000000000000000e+00,0.000000000000000000e+00,0.000000000000000000e+00
-6.980956590536938067e-02,-8.701640971066958163e-02,9.318007585754435329e-01,1.202806916285119668e-02,-4.863699005429168720e-02,-8.319367622864195511e-01,-5.526038294357565883e-01,-2.641742235060897115e-01,-3.727978690258861721e-02,4.812553969705924972e-01,1.413479977240513219e-01,-1.121143406564054090e-01,1.317223879221627592e-01,-4.382117366451755425e-01,-3.084978360901859396e-01,-3.093554670891988101e-01,4.616445527653812997e-01,-8.734913764503306199e-02,9.619988145619615127e-02,-2.147953569521721812e-02,0.000000000000000000e+00,0.000000000000000000e+00,0.000000000000000000e+00,0.000000000000000000e+00,0.000000000000000000e+00,0.000000000000000000e+00,0.000000000000000000e+00,0.000000000000000000e+00,0.000000000000000000e+00,0.000000000000000000e+00
-6.921068051667965404e-02,-8.669525711686240643e-02,9.319748943658980878e-01,1.183188868826759096e-02,-4.866156308063502439e-02,-8.257951511314250981e-01,-5.617423137493254837e-01,-2.582257557798275927e-01,-3.399946623171397342e-02,4.963304737301064140e-01,1.360857870677961157e-01,-1.125494093826933661e-01,1.324057828634680467e-01,-4.339706380323329893e-01,-3.028261401946238940e-01,-3.174762401907614828e-01,4.579769421915715899e-01,-9.446787145693123777e-02,9.440612696805456006e-02,-2.088557276664396861e-02,0.000000000000000000e+00,0.000000000000000000e+00,0.000000000000000000e+00,0.000000000000000000e+00,0.000000000000000000e+00,0.000000000000000000e+00,0.000000000000000000e+00,0.000000000000000000e+00,0.000000000000000000e+00,0.000000000000000000e+00
-6.911084675620916828e-02,-8.543404062662443565e-02,9.320583264148563085e-01,1.101836853364668127e-02,-4.864851590903796624e-02,-8.201894069705700785e-01,-5.699133742490787302e-01,-2.514541606152793096e-01,-3.150866237959248223e-02,5.094607314512668017e-01,1.338478331610118977e-01,-1.144515912303801092e-01,1.338701245286799124e-01,-4.307945907299973731e-01,-2.978864134073317405e-01,-3.208983063885135767e-01,4.572643362102131737e-01,-1.018728165547121839e-01,9.095955875562682091e-02,-2.109981752866336296e-02,0.000000000000000000e+00,0.000000000000000000e+00,0.000000000000000000e+00,0.000000000000000000e+00,0.000000000000000000e+00,0.000000000000000000e+00,0.000000000000000000e+00,0.000000000000000000e+00,0.000000000000000000e+00,0.000000000000000000e+00
-6.942411119990582469e-02,-8.304510686222406346e-02,9.323590760861164561e-01,1.111373736941300219e-02,-4.846700171122120260e-02,-8.146857165346794716e-01,-5.777669234744968740e-01,-2.453340621166503199e-01,-2.738469921554624251e-02,5.218815797109416232e-01,1.333189349968514903e-01,-1.174815934026853526e-01,1.345644044193683442e-01,-4.245741136809267346e-01,-2.901364268329681972e-01,-3.232577463392324324e-01,4.463817547240161998e-01,-1.082207816108876897e-01,8.857314328379588264e-02,-2.062673701161346629e-02,0.000000000000000000e+00,0.000000000000000000e+00,0.000000000000000000e+00,0.000000000000000000e+00,0.000000000000000000e+00,0.000000000000000000e+00,0.000000000000000000e+00,0.000000000000000000e+00,0.000000000000000000e+00,0.000000000000000000e+00
-6.873508283162743648e-02,-8.090126676191515542e-02,9.325057221848795930e-01,1.002469286472749618e-02,-4.811552456588258364e-02,-8.096083133889536709e-01,-5.849092072452036772e-01,-2.380545928042876458e-01,-2.381451184384208303e-02,5.328715742657063048e-01,1.334473007804196087e-01,-1.208667290018873297e-01,1.368281639279597117e-01,-4.203254462452077345e-01,-2.842164480005400229e-01,-3.226288432656266303e-01,4.412175662173433155e-01,-1.144979201043407613e-01,8.610636983234611075e-02,-2.225969427023512248e-02,0.000000000000000000e+00,0.000000000000000000e+00,0.000000000000000000e+00,0.000000000000000000e+00,0.000000000000000000e+00,0.000000000000000000e+00,0.000000000000000000e+00,0.000000000000000000e+00,0.000000000000000000e+00,0.000000000000000000e+00
-6.660341039426721788e-02,-7.761874864478802982e-02,9.328903801025979492e-01,1.038345578050369096e-02,-4.806675195026127723e-02,-8.048818450408999903e-01,-5.913941044063291130e-01,-2.328063730522296204e-01,-1.689225856454093164e-02,5.438435264389164248e-01,1.330390480338300985e-01,-1.221011003223899105e-01,1.382357457731607786e-01,-4.147326739650422645e-01,-2.732462282726805247e-01,-3.198365056096780790e-01,4.284005089855242865e-01,-1.221307836266216779e-01,8.404177483607828958e-02,-2.301574344319807369e-02,0.000000000000000000e+00,0.000000000000000000e+00,0.000000000000000000e+00,0.000000000000000000e+00,0.000000000000000000e+00,0.000000000000000000e+00,0.000000000000000000e+00,0.000000000000000000e+00,0.000000000000000000e+00,0.000000000000000000e+00
-6.432521801119546467e-02,-7.560254349727014989e-02,9.331531199193936477e-01,1.008594270980421939e-02,-4.778095446389387518e-02,-8.007807237854557281e-01,-5.969635554737128258e-01,-2.285734524081900754e-01,-1.112605854709728184e-02,5.515675143626199706e-01,1.339351511466947142e-01,-1.241771349061225743e-01,1.400204372421955390e-01,-4.095334376141088750e-01,-2.645095331032180086e-01,-3.178804929088627218e-01,4.166011642339847998e-01,-1.274332242837120932e-01,8.220573004251888194e-02,-2.351592359504955931e-02,0.000000000000000000e+00,0.000000000000000000e+00,0.000000000000000000e+00,0.000000000000000000e+00,0.000000000000000000e+00,0.000000000000000000e+00,0.000000000000000000e+00,0.000000000000000000e+00,0.000000000000000000e+00,0.000000000000000000e+00
-6.068659989162432378e-02,-7.272528388629355411e-02,9.334157602645165586e-01,9.749447530863878525e-03,-4.758130123707181997e-02,-7.965773024828733950e-01,-6.025824169477067560e-01,-2.252314489934385267e-01,-2.513803142289588316e-03,5.599465085378032558e-01,1.384316601677472169e-01,-1.261086945210247445e-01,1.430276537144486715e-01,-4.057735766872231919e-01,-2.540428821812334981e-01,-3.136628560444259528e-01,4.088550190530095829e-01,-1.360044859626081126e-01,7.866563585722778640e-02,-2.495261144945273152e-02,0.000000000000000000e+00,0.000000000000000000e+00,0.000000000000000000e+00,0.000000000000000000e+00,0.000000000000000000e+00,0.000000000000000000e+00,0.000000000000000000e+00,0.000000000000000000e+00,0.000000000000000000e+00,0.000000000000000000e+00
-5.698419063709640742e-02,-7.056607362692798868e-02,9.335576902941358224e-01,8.965078301308753578e-03,-4.738333472577808958e-02,-7.929606602286976003e-01,-6.073613737232433918e-01,-2.229301361192287945e-01,5.679999344190493626e-03,5.682968419053603393e-01,1.454431810189506513e-01,-1.303859145493260485e-01,1.458551929313317008e-01,-4.040668791919851399e-01,-2.460611268720888922e-01,-3.101275126445802721e-01,4.066727630899799606e-01,-1.453580075964354679e-01,7.584268602017062155e-02,-2.609047042837214087e-02,0.000000000000000000e+00,0.000000000000000000e+00,0.000000000000000000e+00,0.000000000000000000e+00,0.000000000000000000e+00,0.000000000000000000e+00,0.000000000000000000e+00,0.000000000000000000e+00,0.000000000000000000e+00,0.000000000000000000e+00
-5.402531950926025422e-02,-6.776637098331228515e-02,9.337798284917004921e-01,9.473999891013549710e-03,-4.746306715707901414e-02,-7.898003745925241681e-01,-6.114514444137144622e-01,-2.225333379691083469e-01,1.426466934977087091e-02,5.745501729497948240e-01,1.521482760805471512e-01,-1.326269516184888086e-01,1.463185014682958085e-01,-4.002889291371352631e-01,-2.367338929561947358e-01,-3.075979279917588904e-01,3.974606191417156542e-01,-1.516529184560234111e-01,7.413222700891976269e-02,-2.646018251557127887e-02,0.000000000000000000e+00,0.000000000000000000e+00,0.000000000000000000e+00,0.000000000000000000e+00,0.000000000000000000e+00,0.000000000000000000e+00,0.000000000000000000e+00,0.000000000000000000e+00,0.000000000000000000e+00,0.000000000000000000e+00
-4.994847072910926083e-02,-6.506863222466037489e-02,9.339481494449113352e-01,9.563353542430623119e-03,-4.753729457451908585e-02,-7.861336650852182029e-01,-6.161514493314462770e-01,-2.227398219316216177e-01,2.444006111945045898e-02,5.810090670528820223e-01,1.615988911464172895e-01,-1.352648359140589673e-01,1.488823061324761055e-01,-3.982022473223053027e-01,-2.265867548447864088e-01,-3.034376229648728107e-01,3.916652610141603819e-01,-1.592400522140207386e-01,7.083813003866752667e-02,-2.741498511920979764e-02,0.000000000000000000e+00,0.000000000000000000e+00,0.000000000000000000e+00,0.000000000000000000e+00,0.000000000000000000e+00,0.000000000000000000e+00,0.000000000000000000e+00,0.000000000000000000e+00,0.000000000000000000e+00,0.000000000000000000e+00
-4.685125046409551602e-02,-6.283801133520998394e-02,9.341001681226281939e-01,1.008485810249134564e-02,-4.731293814662145686e-02,-7.832102330980190708e-01,-6.198721741549084729e-01,-2.233201355372311514e-01,3.374954921162423571e-02,5.855515830786940379e-01,1.694524308793077250e-01,-1.360332942511563725e-01,1.498735211189049232e-01,-3.940931273502857879e-01,-2.164447027720641237e-01,-2.999697796456246568e-01,3.811161151120330270e-01,-1.617564681541364402e-01,6.762809484674629779e-02,-2.890158653727138011e-02,0.000000000000000000e+00,0.000000000000000000e+00,0.000000000000000000e+00,0.000000000000000000e+00,0.000000000000000000e+00,0.000000000000000000e+00,0.000000000000000000e+00,0.000000000000000000e+00,0.000000000000000000e+00,0.000000000000000000e+00
-4.351980571683271987e-02,-6.072968684439616904e-02,9.342649796989729305e-01,1.062188644244831462e-02,-4.691011297627311477e-02,-7.804861778979336195e-01,-6.233200966912844088e-01,-2.256624881714956454e-01,4.478107306330063320e-02,5.903231932009876948e-01,1.820366009683419273e-01,-1.405896385617994571e-01,1.526146934589399096e-01,-3.895695180840527683e-01,-2.054943728717580631e-01,-2.960228536175284475e-01,3.704708916109847316e-01,-1.658565007304448335e-01,6.384103008202844654e-02,-3.042986305181884232e-02,0.000000000000000000e+00,0.000000000000000000e+00,0.000000000000000000e+00,0.000000000000000000e+00,0.000000000000000000e+00,0.000000000000000000e+00,0.000000000000000000e+00,0.000000000000000000e+00,0.000000000000000000e+00,0.000000000000000000e+00
-3.989511481685256711e-02,-5.877559058692854999e-02,9.343348519102701033e-01,1.131145852485269249e-02,-4.666009336518366080e-02,-7.778310445608419554e-01,-6.266368587232820087e-01,-2.292763150820098239e-01,5.662003628153335077e-02,5.949597865676536923e-01,1.960316445182812006e-01,-1.439130308310846706e-01,1.541166198552459399e-01,-3.857248081235882808e-01,-1.947599510865810901e-01,-2.930539342510959377e-01,3.599681566860122306e-01,-1.688056488208888317e-01,5.998922227845034788e-02,-3.116887664479526393e-02,0.000000000000000000e+00,0.000000000000000000e+00,0.000000000000000000e+00,0.000000000000000000e+00,0.000000000000000000e+00,0.000000000000000000e+00,0.000000000000000000e+00,0.000000000000000000e+00,0.000000000000000000e+00,0.000000000000000000e+00
-3.524462649402024250e-02,-5.719696733541193567e-02,9.342814823876623986e-01,1.218334887842025503e-02,-4.654394310472453195e-02,-7.754026529901608678e-01,-6.296316011019391645e-01,-2.363396115237702266e-01,7.081915393493912192e-02,5.976202834009403109e-01,2.146484738515053725e-01,-1.481619768507271007e-01,1.558434713736249200e-01,-3.841520963055775617e-01,-1.827336701232626925e-01,-2.886336836759396673e-01,3.518508615594360678e-01,-1.729808252126498747e-01,5.390179126971691298e-02,-3.239109558606208250e-02,0.000000000000000000e+00,0.000000000000000000e+00,0.000000000000000000e+00,0.000000000000000000e+00,0.000000000000000000e+00,0.000000000000000000e+00,0.000000000000000000e+00,0.000000000000000000e+00,0.000000000000000000e+00,0.000000000000000000e+00
-3.138511658067788535e-02,-5.605604194951104013e-02,9.340985022850460950e-01,1.343642021525346363e-02,-4.639898913177448875e-02,-7.735634448358239545e-01,-6.318751405405043098e-01,-2.470189734907781154e-01,8.524283835516364982e-02,5.963728884740961966e-01,2.382728130230112318e-01,-1.552650234175335930e-01,1.573838306482327754e-01,-3.827907789473569133e-01,-1.716471036344189571e-01,-2.849698817432275155e-01,3.429844775364059295e-01,-1.759114027503594913e-01,4.847352087086961858e-02,-3.265912267533723629e-02,0.000000000000000000e+00,0.000000000000000000e+00,0.000000000000000000e+00,0.000000000000000000e+00,0.000000000000000000e+00,0.000000000000000000e+00,0.000000000000000000e+00,0.000000000000000000e+00,0.000000000000000000e+00,0.000000000000000000e+00
-2.672524522628937083e-02,-5.581035615583538473e-02,9.336975316038551576e-01,1.492168176177348024e-02,-4.603610569319942225e-02,-7.715544945452944559e-01,-6.343198580629180183e-01,-2.627773162218465797e-01,1.040798357333818092e-01,5.951890514667776966e-01,2.712912284487223880e-01,-1.652689111227822472e-01,1.591552583177668345e-01,-3.837956082747330244e-01,-1.587238805594144153e-01,-2.797982738201906239e-01,3.359984464423634298e-01,-1.802411632862509216e-01,4.154722040944713868e-02,-3.328058129833918327e-02,0.000000000000000000e+00,0.000000000000000000e+00,0.000000000000000000e+00,0.000000000000000000e+00,0.000000000000000000e+00,0.000000000000000000e+00,0.000000000000000000e+00,0.000000000000000000e+00,0.000000000000000000e+00,0.000000000000000000e+00
-2.249643310452828157e-02,-5.635791587870954411e-02,9.329812369260751526e-01,1.720899983990543600e-02,-4.499748935775355063e-02,-7.698463801585032629e-01,-6.364083808631516570e-01,-2.866065827145913847e-01,1.286171860036771641e-01,5.904714470936185400e-01,3.195388983699212204e-01,-1.784885330796805170e-01,1.591427656705249050e-01,-3.851319202575064771e-01,-1.445157167882695215e-01,-2.765693068350592032e-01,3.279310701647660253e-01,-1.841570684784623324e-01,3.448214484063526208e-02,-3.163704737837950282e-02,0.000000000000000000e+00,0.000000000000000000e+00,0.000000000000000000e+00,0.000000000000000000e+00,0.000000000000000000e+00,0.000000000000000000e+00,0.000000000000000000e+00,0.000000000000000000e+00,0.000000000000000000e+00,0.000000000000000000e+00
-1.851797406104613297e-02,-5.745312437652794896e-02,9.319499349800290933e-01,1.966559433974322812e-02,-4.331740951960089819e-02,-7.677432777108054163e-01,-6.389891438527299794e-01,-3.122802301906535405e-01,1.553610501217187467e-01,5.844900586484313987e-01,3.720652664592797865e-01,-1.916455753309946886e-01,1.600316724959294223e-01,-3.876722536579497169e-01,-1.293366856336066739e-01,-2.723749574562207010e-01,3.220241645660212315e-01,-1.885379048180295392e-01,2.839472093824998641e-02,-2.840840824975709306e-02,0.000000000000000000e+00,0.000000000000000000e+00,0.000000000000000000e+00,0.000000000000000000e+00,0.000000000000000000e+00,0.000000000000000000e+00,0.000000000000000000e+00,0.000000000000000000e+00,0.000000000000000000e+00,0.000000000000000000e+00
-1.422101670912923402e-02,-5.866628633181242974e-02,9.305431458472123163e-01,2.294677051352000952e-02,-4.064117766950440386e-02,-7.652918522491191089e-01,-6.419891909384048967e-01,-3.407913343787803417e-01,1.873537273390286362e-01,5.759480892482132797e-01,4.298953794172268861e-01,-2.000335865151090797e-01,1.580306859854384571e-01,-3.900383259644699674e-01,-1.104478052860516646e-01,-2.688614754188159983e-01,3.154334755530478485e-01,-1.928581870815395116e-01,2.037651791814651045e-02,-2.291272821896989803e-02,0.000000000000000000e+00,0.000000000000000000e+00,0.000000000000000000e+00,0.000000000000000000e+00,0.000000000000000000e+00,0.000000000000000000e+00,0.000000000000000000e+00,0.000000000000000000e+00,0.000000000000000000e+00,0.000000000000000000e+00
-1.110002637844093726e-02,-5.949115323184506893e-02,9.288484871788990072e-01,2.715602325957481439e-02,-3.736193928506308798e-02,-7.614417782686808689e-01,-6.465856897586068630e-01,-3.689844959573026495e-01,2.192585307167302378e-01,5.611838268812251451e-01,4.849053947375681073e-01,-2.010452886322716404e-01,1.547867574461086193e-01,-3.925143588015911345e-01,-8.920737278245363666e-02,-2.623489383419171928e-01,3.075288370032801533e-01,-1.960561385059037265e-01,1.446344506703502175e-02,-1.341665025835163221e-02,0.000000000000000000e+00,0.000000000000000000e+00,0.000000000000000000e+00,0.000000000000000000e+00,0.000000000000000000e+00,0.000000000000000000e+00,0.000000000000000000e+00,0.000000000000000000e+00,0.000000000000000000e+00,0.000000000000000000e+00
-7.941273270691995290e-03,-5.933886969237178038e-02,9.266717110617245234e-01,3.159199339606553331e-02,-3.186231341887507673e-02,-7.556392514769197932e-01,-6.534493557761463789e-01,-3.956295873429885868e-01,2.510708877785001181e-01,5.243065281054338778e-01,5.362119443624259185e-01,-1.899695222748346013e-01,1.415650651672755167e-01,-3.927954080575360440e-01,-6.215363769420201995e-02,-2.529158991404975021e-01,3.023726328266381214e-01,-2.025027238153016551e-01,6.636828510017520402e-03,1.040015460378081180e-04,0.000000000000000000e+00,0.000000000000000000e+00,0.000000000000000000e+00,0.000000000000000000e+00,0.000000000000000000e+00,0.000000000000000000e+00,0.000000000000000000e+00,0.000000000000000000e+00,0.000000000000000000e+00,0.000000000000000000e+00
-5.605798716581541011e-03,-5.982962674113796731e-02,9.241292699754503071e-01,3.711128995478238379e-02,-2.554089810580206787e-02,-7.463143417540448743e-01,-6.640672541046331867e-01,-4.207284652988934059e-01,2.754720552482426976e-01,4.665026578742161312e-01,5.714782322645405310e-01,-1.626348961334013465e-01,1.146623849834944725e-01,-3.948458861040700651e-01,-3.041995346610150419e-02,-2.376760283185200273e-01,2.950957259008773481e-01,-2.055591756619478960e-01,8.627642719259299292e-04,1.779150725436944372e-02,0.000000000000000000e+00,0.000000000000000000e+00,0.000000000000000000e+00,0.000000000000000000e+00,0.000000000000000000e+00,0.000000000000000000e+00,0.000000000000000000e+00,0.000000000000000000e+00,0.000000000000000000e+00,0.000000000000000000e+00
-3.604194106818455357e-03,-6.016536692474146880e-02,9.216914736248822404e-01,4.268603305428686490e-02,-2.010070165337356218e-02,-7.386925685341110270e-01,-6.723891384961597772e-01,-4.427230573614711062e-01,2.933166717167539628e-01,4.221657682918732446e-01,5.947349843262058622e-01,-1.254638816620143871e-01,8.819977113385260581e-02,-3.990273138457841595e-01,-2.311469106286203820e-03,-2.243514608346026673e-01,2.925520572053392776e-01,-2.104738942497102194e-01,-4.820268866694744567e-03,3.683039219498914635e-02,0.000000000000000000e+00,0.000000000000000000e+00,0.000000000000000000e+00,0.000000000000000000e+00,0.000000000000000000e+00,0.000000000000000000e+00,0.000000000000000000e+00,0.000000000000000000e+00,0.000000000000000000e+00,0.000000000000000000e+00
-2.645397936318097561e-03,-6.003960154649487513e-02,9.196312931663330748e-01,4.852927628333605220e-02,-1.587756655619864884e-02,-7.306033797051056933e-01,-6.808902362254479756e-01,-4.648246847916990276e-01,2.947580951017368944e-01,3.739424094407854948e-01,5.982456073291230192e-01,-8.693930880534969652e-02,5.181229286509862753e-02,-4.030934973588093939e-01,2.326414719673461709e-02,-2.103223699289153426e-01,2.866060774442773518e-01,-2.115909271987189422e-01,-9.083346767584087392e-03,5.493016833531733784e-02,0.000000000000000000e+00,0.000000000000000000e+00,0.000000000000000000e+00,0.000000000000000000e+00,0.000000000000000000e+00,0.000000000000000000e+00,0.000000000000000000e+00,0.000000000000000000e+00,0.000000000000000000e+00,0.000000000000000000e+00
-2.350056826680234356e-03,-5.988348534621673602e-02,9.181565248211818187e-01,5.487917299270334004e-02,-1.476191078307631174e-02,-7.209602298038430002e-01,-6.906422441487771735e-01,-4.934285472549486684e-01,2.754467521979391265e-01,3.036720732052568539e-01,5.867069882490429933e-01,-5.796359072191819423e-02,2.945350572072541473e-03,-4.127280205161520388e-01,4.516678137264244081e-02,-1.906328834865446686e-01,2.792485231155044656e-01,-2.080743496439375340e-01,-1.241903840223338058e-02,7.732972078639861746e-02,0.000000000000000000e+00,0.000000000000000000e+00,0.000000000000000000e+00,0.000000000000000000e+00,0.000000000000000000e+00,0.000000000000000000e+00,0.000000000000000000e+00,0.000000000000000000e+00,0.000000000000000000e+00,0.000000000000000000e+00
-2.629971099812621321e-03,-5.926538096320080329e-02,9.176983934580307256e-01,5.862410831297033831e-02,-1.635399669956519655e-02,-7.139507597293688335e-01,-6.975457500396059496e-01,-5.123834897893202456e-01,2.597395240183677512e-01,2.588036369517842661e-01,5.776678765377244451e-01,-4.950326559512543273e-02,-2.419379900773358308e-02,-4.187904879597276198e-01,5.511656463695571023e-02,-1.761620800227953754e-01,2.689540787275396250e-01,-2.024423110091691236e-01,-1.176817982078108386e-02,9.221750195989267262e-02,0.000000000000000000e+00,0.000000000000000000e+00,0.000000000000000000e+00,0.000000000000000000e+00,0.000000000000000000e+00,0.000000000000000000e+00,0.000000000000000000e+00,0.000000000000000000e+00,0.000000000000000000e+00,0.000000000000000000e+00
-2.559233630517243618e-03,-5.918773094934871165e-02,9.176249895088274267e-01,5.897773279663807294e-02,-1.659139980604520254e-02,-7.112603447241760968e-01,-7.002535787195166561e-01,-5.188786091620782859e-01,2.561712047204467435e-01,2.430161102480571378e-01,5.750387470322932959e-01,-4.829572327849238067e-02,-3.058546954119964467e-02,-4.175311030509153976e-01,5.804099940243281908e-02,-1.714131352242816431e-01,2.623506035322028529e-01,-2.001876858895300093e-01,-1.113977302906361475e-02,9.958806978529016751e-02,0.000000000000000000e+00,0.000000000000000000e+00,0.000000000000000000e+00,0.000000000000000000e+00,0.000000000000000000e+00,0.000000000000000000e+00,0.000000000000000000e+00,0.000000000000000000e+00,0.000000000000000000e+00,0.000000000000000000e+00
-2.199093414500453113e-03,-5.948002012249459930e-02,9.176924250037166164e-01,5.830924630838920514e-02,-1.721280199434837427e-02,-7.090591858871068132e-01,-7.025231826435081040e-01,-5.214292427772644345e-01,2.526527086362813646e-01,2.336076692301288504e-01,5.662783365471901753e-01,-4.832814853759413026e-02,-3.198148350967508491e-02,-4.171034564683761547e-01,5.836675361307416127e-02,-1.673953661173123719e-01,2.591899287571649557e-01,-1.995610226657839603e-01,-1.061526680054952591e-02,1.033565410120878825e-01,0.000000000000000000e+00,0.000000000000000000e+00,0.000000000000000000e+00,0.000000000000000000e+00,0.000000000000000000e+00,0.000000000000000000e+00,0.000000000000000000e+00,0.000000000000000000e+00,0.000000000000000000e+00,0.000000000000000000e+00
-2.351925664063156396e-03,-5.885657873821635577e-02,9.181248570070164039e-01,5.722206148209177390e-02,-1.827865935529865427e-02,-7.072094522234418923e-01,-7.044475260640294945e-01,-5.155628731410060173e-01,2.465893391127832457e-01,2.310860297772019400e-01,5.470468237764123387e-01,-5.570080541086693676e-02,-3.093615831822303652e-02,-4.130326213452452100e-01,5.629283113734719068e-02,-1.647378032170157269e-01,2.512080772115926619e-01,-1.955342086503736032e-01,-7.104889567628462979e-03,1.028933523654926435e-01,0.000000000000000000e+00,0.000000000000000000e+00,0.000000000000000000e+00,0.000000000000000000e+00,0.000000000000000000e+00,0.000000000000000000e+00,0.000000000000000000e+00,0.000000000000000000e+00,0.000000000000000000e+00,0.000000000000000000e+00
-2.483311594029462971e-03,-5.834649724994878106e-02,9.186546346167313581e-01,5.584775741859054898e-02,-1.978038747696230643e-02,-7.059828789739907018e-01,-7.057463700637578441e-01,-5.082703846108108658e-01,2.349209408873746407e-01,2.261705646187792129e-01,5.160017370990033214e-01,-6.097888427180949561e-02,-3.026751196929290330e-02,-4.107180224029338134e-01,5.280923129604429833e-02,-1.611931014155653097e-01,2.461245856957509637e-01,-1.917329550798842208e-01,-5.429773026148292450e-03,1.001051150053061112e-01,0.000000000000000000e+00,0.000000000000000000e+00,0.000000000000000000e+00,0.000000000000000000e+00,0.000000000000000000e+00,0.000000000000000000e+00,0.000000000000000000e+00,0.000000000000000000e+00,0.000000000000000000e+00,0.000000000000000000e+00
-3.285363398189451375e-03,-5.795126170686139278e-02,9.192082933795131527e-01,5.442407188248532535e-02,-2.118986920689445302e-02,-7.051003177780662545e-01,-7.066983456270394814e-01,-4.988152176310743369e-01,2.193698054217713689e-01,2.183376617520843277e-01,4.805905078485554482e-01,-6.456004722201502677e-02,-2.889201779749829210e-02,-4.091551396368587334e-01,4.801758555938970274e-02,-1.580671368384971298e-01,2.430249905836359969e-01,-1.882385551590148864e-01,-2.394718850926297847e-03,9.593385337309054406e-02,0.000000000000000000e+00,0.000000000000000000e+00,0.000000000000000000e+00,0.000000000000000000e+00,0.000000000000000000e+00,0.000000000000000000e+00,0.000000000000000000e+00,0.000000000000000000e+00,0.000000000000000000e+00,0.000000000000000000e+00
-4.027489513838196367e-03,-5.694780763691956876e-02,9.197504347116954859e-01,5.324092286393775075e-02,-2.289348316359962957e-02,-7.041085672131385254e-01,-7.077234051084471123e-01,-4.873282317659184404e-01,2.029795644040006120e-01,2.091447330885095324e-01,4.408278473623122862e-01,-6.247306178092962292e-02,-2.647219958720484559e-02,-4.086042932281133133e-01,4.329642547763259963e-02,-1.543180347478740611e-01,2.418212111328606195e-01,-1.863953282490268537e-01,9.765421919992727656e-05,9.187078036283963245e-02,0.000000000000000000e+00,0.000000000000000000e+00,0.000000000000000000e+00,0.000000000000000000e+00,0.000000000000000000e+00,0.000000000000000000e+00,0.000000000000000000e+00,0.000000000000000000e+00,0.000000000000000000e+00,0.000000000000000000e+00
-6.000749455830020965e-03,-5.584995391422421795e-02,9.202036338267600701e-01,5.234460495676782760e-02,-2.390447453044956816e-02,-7.036388666894870525e-01,-7.082238090556379762e-01,-4.730857120908215085e-01,1.871200631108906332e-01,2.016092796263980191e-01,4.002351505034895118e-01,-5.656465975244515110e-02,-2.242679882543114483e-02,-4.083287114988046196e-01,3.801230710157408460e-02,-1.512942451153740653e-01,2.431052740699210235e-01,-1.847581076680039347e-01,2.923203401142042412e-03,8.563880374846319365e-02,0.000000000000000000e+00,0.000000000000000000e+00,0.000000000000000000e+00,0.000000000000000000e+00,0.000000000000000000e+00,0.000000000000000000e+00,0.000000000000000000e+00,0.000000000000000000e+00,0.000000000000000000e+00,0.000000000000000000e+00
-7.782861347408400951e-03,-5.421475919353620221e-02,9.206870709687572374e-01,5.127549795605283733e-02,-2.429219554064437903e-02,-7.041709125323831753e-01,-7.077598734659121815e-01,-4.579266327096349620e-01,1.753548353211229760e-01,1.995945862059823606e-01,3.664503573614429355e-01,-5.242095370936912524e-02,-1.487335169602436134e-02,-4.058777456802396544e-01,3.311995324404141960e-02,-1.499026724426575086e-01,2.451097776635212944e-01,-1.854676899634304377e-01,3.598906402389496096e-03,7.908401285788763113e-02,0.000000000000000000e+00,0.000000000000000000e+00,0.000000000000000000e+00,0.000000000000000000e+00,0.000000000000000000e+00,0.000000000000000000e+00,0.000000000000000000e+00,0.000000000000000000e+00,0.000000000000000000e+00,0.000000000000000000e+00
-9.399004400556179237e-03,-5.364083577801814773e-02,9.211625113653729713e-01,5.016119950758947399e-02,-2.516190937942494946e-02,-7.043544955977928401e-01,-7.076266507922941429e-01,-4.434204994969949687e-01,1.641304791037222488e-01,1.974192807056188992e-01,3.352972424154606057e-01,-4.822937070919292024e-02,-9.118506687565900229e-03,-4.044302135809774712e-01,2.781905760913543427e-02,-1.484281298578943309e-01,2.448555242107448571e-01,-1.855021585832456188e-01,5.497724677765460782e-03,7.289939867972043686e-02,0.000000000000000000e+00,0.000000000000000000e+00,0.000000000000000000e+00,0.000000000000000000e+00,0.000000000000000000e+00,0.000000000000000000e+00,0.000000000000000000e+00,0.000000000000000000e+00,0.000000000000000000e+00,0.000000000000000000e+00
-1.221008641225252399e-02,-5.177904615783539277e-02,9.216969705246605971e-01,4.926364151804642211e-02,-2.583539231137318981e-02,-7.044641385452719007e-01,-7.075562900802775390e-01,-4.289985180658485442e-01,1.530405244370317830e-01,1.947785075243165798e-01,3.096994572018370584e-01,-4.576671865423288799e-02,-1.367088641542188975e-03,-4.018841395621287615e-01,2.208701964285934849e-02,-1.448522030386792114e-01,2.451836565807184731e-01,-1.853444782025640003e-01,6.326831902291416704e-03,6.695628024336963691e-02,0.000000000000000000e+00,0.000000000000000000e+00,0.000000000000000000e+00,0.000000000000000000e+00,0.000000000000000000e+00,0.000000000000000000e+00,0.000000000000000000e+00,0.000000000000000000e+00,0.000000000000000000e+00,0.000000000000000000e+00
-1.556975936240055300e-02,-5.017985324825553761e-02,9.220974540880338965e-01,4.861661899596207703e-02,-2.608340123587079770e-02,-7.042053172022284535e-01,-7.078495262140660493e-01,-4.180886041720464075e-01,1.438664050303888331e-01,1.925532590499079433e-01,2.921647852005235246e-01,-4.467672356333284717e-02,7.334001545093789265e-03,-3.993609541362733162e-01,1.666819417329402225e-02,-1.422499237096254421e-01,2.453543251098213862e-01,-1.849105005726526529e-01,7.915864514307275474e-03,6.228807027674514163e-02,0.000000000000000000e+00,0.000000000000000000e+00,0.000000000000000000e+00,0.000000000000000000e+00,0.000000000000000000e+00,0.000000000000000000e+00,0.000000000000000000e+00,0.000000000000000000e+00,0.000000000000000000e+00,0.000000000000000000e+00
-1.911875664702432365e-02,-4.686245191867141613e-02,9.225981346909049030e-01,4.817293930943422620e-02,-2.646824792281785715e-02,-7.041589877712695067e-01,-7.079116609515102576e-01,-4.054959312267021332e-01,1.349016258058169937e-01,1.914320330523028024e-01,2.750226452467461336e-01,-4.507032736838720299e-02,1.491076351499234960e-02,-3.955396272323801199e-01,1.072021066914300401e-02,-1.405614410171181494e-01,2.466161886036185302e-01,-1.859599148951878167e-01,9.883701377434141178e-03,5.767367244268834653e-02,0.000000000000000000e+00,0.000000000000000000e+00,0.000000000000000000e+00,0.000000000000000000e+00,0.000000000000000000e+00,0.000000000000000000e+00,0.000000000000000000e+00,0.000000000000000000e+00,0.000000000000000000e+00,0.000000000000000000e+00
-2.179088125023486214e-02,-4.460047619090082294e-02,9.229423175747557551e-01,4.706920807788499833e-02,-2.623602775850592331e-02,-7.037493743963693094e-01,-7.084017070385232318e-01,-3.941693181830362436e-01,1.280686314264120329e-01,1.912058813935303692e-01,2.625507782711758997e-01,-4.465792048699570443e-02,2.129716943189140579e-02,-3.922210183209383083e-01,5.903270052354237657e-03,-1.388467656009588769e-01,2.501451029376253743e-01,-1.886514953301145492e-01,1.126665933149901058e-02,5.403949895588796432e-02,0.000000000000000000e+00,0.000000000000000000e+00,0.000000000000000000e+00,0.000000000000000000e+00,0.000000000000000000e+00,0.000000000000000000e+00,0.000000000000000000e+00,0.000000000000000000e+00,0.000000000000000000e+00,0.000000000000000000e+00
-2.634499852408862114e-02,-4.279076712997304660e-02,9.232147585598382555e-01,4.684149137261574281e-02,-2.617132296443462278e-02,-7.038157520988806981e-01,-7.083532477780889458e-01,-3.877005027781268987e-01,1.201607991643971751e-01,1.906399566711141635e-01,2.548945800983044574e-01,-4.648726223117457396e-02,2.920642909224975894e-02,-3.898999820051096132e-01,-7.251280434326496348e-04,-1.384857520053538182e-01,2.511466744837603793e-01,-1.871734656322579515e-01,1.463139241370836272e-02,5.081490023828902358e-02,0.000000000000000000e+00,0.000000000000000000e+00,0.000000000000000000e+00,0.000000000000000000e+00,0.000000000000000000e+00,0.000000000000000000e+00,0.000000000000000000e+00,0.000000000000000000e+00,0.000000000000000000e+00,0.000000000000000000e+00
-3.002373417492646898e-02,-4.125632874572022352e-02,9.234311558353278659e-01,4.577270933179999196e-02,-2.569492342027571846e-02,-7.036357306736032990e-01,-7.086193537508529428e-01,-3.802923975404285950e-01,1.130149594575348970e-01,1.902058470494854547e-01,2.492858604926486421e-01,-4.900121748830399415e-02,3.684299790124288820e-02,-3.886442498817892499e-01,-6.877043014930658490e-03,-1.372030919596665954e-01,2.577210381047297938e-01,-1.896987264719308952e-01,1.659847116314075791e-02,4.780162876783525250e-02,0.000000000000000000e+00,0.000000000000000000e+00,0.000000000000000000e+00,0.000000000000000000e+00,0.000000000000000000e+00,0.000000000000000000e+00,0.000000000000000000e+00,0.000000000000000000e+00,0.000000000000000000e+00,0.000000000000000000e+00
-3.301132619449650279e-02,-3.955814401442386136e-02,9.236123055746504606e-01,4.449946265135642370e-02,-2.503206488201081478e-02,-7.030866212371188473e-01,-7.092689169763854995e-01,-3.726953743963692944e-01,1.074128036611858156e-01,1.907474435132213708e-01,2.455515615193984147e-01,-5.140451588592854365e-02,4.291249863063178321e-02,-3.862038157812737182e-01,-1.191290917149407519e-02,-1.355829364415287730e-01,2.631091713591087733e-01,-1.914876167722481259e-01,1.929471762894806666e-02,4.555847957867759090e-02,0.000000000000000000e+00,0.000000000000000000e+00,0.000000000000000000e+00,0.000000000000000000e+00,0.000000000000000000e+00,0.000000000000000000e+00,0.000000000000000000e+00,0.000000000000000000e+00,0.000000000000000000e+00,0.000000000000000000e+00
-3.574092303704214102e-02,-3.868547555864414872e-02,9.236990447283387473e-01,4.315760329606674328e-02,-2.440782833844716906e-02,-7.025184737358378673e-01,-7.099362459076228316e-01,-3.673333876941690113e-01,1.021582786505051271e-01,1.909214426231356787e-01,2.444490585255407467e-01,-5.507627630679416686e-02,4.881885187850287799e-02,-3.869483125219946862e-01,-1.690460102689652147e-02,-1.336447215447946202e-01,2.730028770680841821e-01,-1.950851347732406871e-01,2.035689447832651766e-02,4.260768348842436382e-02,0.000000000000000000e+00,0.000000000000000000e+00,0.000000000000000000e+00,0.000000000000000000e+00,0.000000000000000000e+00,0.000000000000000000e+00,0.000000000000000000e+00,0.000000000000000000e+00,0.000000000000000000e+00,0.000000000000000000e+00
-3.795894167806933978e-02,-3.822935802503689418e-02,9.237870910277752312e-01,4.152438000266246709e-02,-2.357631351474161890e-02,-7.025351041054200829e-01,-7.100452878556657854e-01,-3.606210481792545552e-01,9.681840373099859232e-02,1.903136564291603439e-01,2.402474399146607431e-01,-5.637297395252779952e-02,5.419175584536527202e-02,-3.868828705829930326e-01,-2.190605154065516924e-02,-1.332373053512321825e-01,2.825335133716858627e-01,-1.989295893407906080e-01,2.194086484281920074e-02,4.111686174422196638e-02,0.000000000000000000e+00,0.000000000000000000e+00,0.000000000000000000e+00,0.000000000000000000e+00,0.000000000000000000e+00,0.000000000000000000e+00,0.000000000000000000e+00,0.000000000000000000e+00,0.000000000000000000e+00,0.000000000000000000e+00
-4.021421155293401078e-02,-3.653686847865006415e-02,9.239452369745340121e-01,4.002838116009860281e-02,-2.292170483107451584e-02,-7.019354883831304681e-01,-7.107453090226306669e-01,-3.521995489562532167e-01,9.201292146698833441e-02,1.917261507009810073e-01,2.357788045257982190e-01,-5.847073450813878442e-02,5.781383363516133522e-02,-3.845834530411477714e-01,-2.626616721716439062e-02,-1.312065248185495525e-01,2.886478515740872330e-01,-2.008266549150190539e-01,2.368845162222671732e-02,3.922038523705721758e-02,0.000000000000000000e+00,0.000000000000000000e+00,0.000000000000000000e+00,0.000000000000000000e+00,0.000000000000000000e+00,0.000000000000000000e+00,0.000000000000000000e+00,0.000000000000000000e+00,0.000000000000000000e+00,0.000000000000000000e+00
-4.147537357625753762e-02,-3.606441214372306525e-02,9.240565876686374081e-01,3.811389802797927884e-02,-2.220836081475761198e-02,-7.013994380219034097e-01,-7.114020999614718566e-01,-3.426480413965354299e-01,8.729197516458256367e-02,1.924269000010028763e-01,2.269433851497746624e-01,-5.719843169719999315e-02,6.173612507733745175e-02,-3.838598732352371812e-01,-2.994272221287161417e-02,-1.290110137996498541e-01,2.965053106725253906e-01,-2.036152028308976514e-01,2.493353994967707418e-02,3.735172792913342421e-02,0.000000000000000000e+00,0.000000000000000000e+00,0.000000000000000000e+00,0.000000000000000000e+00,0.000000000000000000e+00,0.000000000000000000e+00,0.000000000000000000e+00,0.000000000000000000e+00,0.000000000000000000e+00,0.000000000000000000e+00
-4.244971560492305507e-02,-3.565103829129566415e-02,9.241556206332135481e-01,3.628748129456743632e-02,-2.130967955897274113e-02,-7.006224838708909886e-01,-7.122901454835474100e-01,-3.347705982728101382e-01,8.380138664383254832e-02,1.927813038951373681e-01,2.220384762786518362e-01,-5.773645549562408941e-02,6.551056551405359807e-02,-3.821046677052677421e-01,-3.228006870107605342e-02,-1.256951075227493442e-01,3.019563052634912093e-01,-2.049797674332003994e-01,2.676170183349809578e-02,3.538837617415314246e-02,0.000000000000000000e+00,0.000000000000000000e+00,0.000000000000000000e+00,0.000000000000000000e+00,0.000000000000000000e+00,0.000000000000000000e+00,0.000000000000000000e+00,0.000000000000000000e+00,0.000000000000000000e+00,0.000000000000000000e+00
-4.359504560610747564e-02,-3.589413280130355349e-02,9.242331410501311018e-01,3.475683310163218964e-02,-2.058081113302694803e-02,-7.000271002265492370e-01,-7.129729670290874122e-01,-3.263785014249380168e-01,8.023471714088852014e-02,1.945622637467143701e-01,2.124322997519716982e-01,-5.509182032473058932e-02,6.774346356734910202e-02,-3.797819663493947062e-01,-3.489894456518977117e-02,-1.239283555331927578e-01,3.028774589584221633e-01,-2.033182450025404209e-01,2.984324152138276287e-02,3.275052298983790328e-02,0.000000000000000000e+00,0.000000000000000000e+00,0.000000000000000000e+00,0.000000000000000000e+00,0.000000000000000000e+00,0.000000000000000000e+00,0.000000000000000000e+00,0.000000000000000000e+00,0.000000000000000000e+00,0.000000000000000000e+00
-4.454253892999127107e-02,-3.552406901536866307e-02,9.242961302181421646e-01,3.366216861829636475e-02,-1.998485097741624014e-02,-6.993801553567289275e-01,-7.136770014709182819e-01,-3.203647390177786214e-01,7.768560449366941623e-02,1.954214110804484705e-01,2.073487798021794726e-01,-5.398681064962083942e-02,7.051081894638276670e-02,-3.782690097564637144e-01,-3.639786835599229109e-02,-1.211918997109571738e-01,3.051763489185438938e-01,-2.024990195073523569e-01,3.054183280242953394e-02,3.061160622440222551e-02,0.000000000000000000e+00,0.000000000000000000e+00,0.000000000000000000e+00,0.000000000000000000e+00,0.000000000000000000e+00,0.000000000000000000e+00,0.000000000000000000e+00,0.000000000000000000e+00,0.000000000000000000e+00,0.000000000000000000e+00
-4.541660250850728525e-02,-3.480225097483029967e-02,9.244023411022211922e-01,3.298096840388567430e-02,-1.977241871224998809e-02,-6.988144707055744531e-01,-7.142686068377193109e-01,-3.146061150592998068e-01,7.536273002797518050e-02,1.968221240139037542e-01,2.012916810206143992e-01,-5.352010493002613140e-02,7.109968559959350953e-02,-3.757533143315083812e-01,-3.804760189845278473e-02,-1.200015045565469285e-01,3.039628123827408102e-01,-2.009516241578327145e-01,3.304330732723247815e-02,2.904640294212474522e-02,0.000000000000000000e+00,0.000000000000000000e+00,0.000000000000000000e+00,0.000000000000000000e+00,0.000000000000000000e+00,0.000000000000000000e+00,0.000000000000000000e+00,0.000000000000000000e+00,0.000000000000000000e+00,0.000000000000000000e+00
-4.580385965172278223e-02,-3.452053582064280868e-02,9.244490400751875780e-01,3.211585312507944656e-02,-1.942986699821968796e-02,-6.983898603830497320e-01,-7.147325759755348562e-01,-3.096373672934575327e-01,7.356742755919118415e-02,1.974637353670201656e-01,1.963538859990862917e-01,-5.245969456574672146e-02,7.157688968995297440e-02,-3.745251596058187804e-01,-3.902083787478417831e-02,-1.180355281418165037e-01,3.055065105267843473e-01,-2.015906982071633546e-01,3.361196954885782573e-02,2.723318070684708006e-02,0.000000000000000000e+00,0.000000000000000000e+00,0.000000000000000000e+00,0.000000000000000000e+00,0.000000000000000000e+00,0.000000000000000000e+00,0.000000000000000000e+00,0.000000000000000000e+00,0.000000000000000000e+00,0.000000000000000000e+00
-4.638789718437349302e-02,-3.436988789965222252e-02,9.244840852356709382e-01,3.143350403253596798e-02,-1.900246626928860788e-02,-6.978088459631911489e-01,-7.153416355808178695e-01,-3.057936800673165534e-01,7.226624165427515678e-02,1.984440066287139759e-01,1.931989761710558029e-01,-5.204066595574054904e-02,7.235803300564226659e-02,-3.730366005709147004e-01,-3.978495433327217806e-02,-1.164226848083658866e-01,3.057815576420485626e-01,-2.015515602301523046e-01,3.481824176637170198e-02,2.554854510370138665e-02,0.000000000000000000e+00,0.000000000000000000e+00,0.000000000000000000e+00,0.000000000000000000e+00,0.000000000000000000e+00,0.000000000000000000e+00,0.000000000000000000e+00,0.000000000000000000e+00,0.000000000000000000e+00,0.000000000000000000e+00
-4.706378335256134610e-02,-3.408308647086036314e-02,9.245156912709558972e-01,3.104844275431128953e-02,-1.875944899288673265e-02,-6.974897879898055431e-01,-7.156759552520614021e-01,-3.028960828826828267e-01,7.092510124024391238e-02,1.988062809268315023e-01,1.904202284266088285e-01,-5.162166525095116670e-02,7.248504157180102325e-02,-3.717484613601919063e-01,-4.048441792572658737e-02,-1.146760374916911129e-01,3.053356498182541734e-01,-2.008151426249258353e-01,3.602151353064079325e-02,2.429295982936059695e-02,0.000000000000000000e+00,0.000000000000000000e+00,0.000000000000000000e+00,0.000000000000000000e+00,0.000000000000000000e+00,0.000000000000000000e+00,0.000000000000000000e+00,0.000000000000000000e+00,0.000000000000000000e+00,0.000000000000000000e+00
-4.734529330291303850e-02,-3.363398628453761335e-02,9.245705724959958349e-01,3.052335515710579567e-02,-1.844933796377117366e-02,-6.969620513556615826e-01,-7.162205286702966189e-01,-2.994018543823608325e-01,7.019013815048563698e-02,1.997931908579297922e-01,1.879255377966378704e-01,-5.180557522021204259e-02,7.217113325695644066e-02,-3.699406432839811854e-01,-4.079353356543442138e-02,-1.134344010519500734e-01,3.049631430110826269e-01,-2.009887797739894899e-01,3.633543188850932304e-02,2.274306815784953723e-02,0.000000000000000000e+00,0.000000000000000000e+00,0.000000000000000000e+00,0.000000000000000000e+00,0.000000000000000000e+00,0.000000000000000000e+00,0.000000000000000000e+00,0.000000000000000000e+00,0.000000000000000000e+00,0.000000000000000000e+00
-4.728632109986859178e-02,-3.360030008553403086e-02,9.245752214738015562e-01,3.000240288425530533e-02,-1.819449570646142211e-02,-6.964692148950852868e-01,-7.167282949978892592e-01,-2.973716977153403329e-01,6.989688380651069843e-02,2.002355712424520040e-01,1.869856834976159343e-01,-5.174728464451257975e-02,7.183039399196003427e-02,-3.695499364738278336e-01,-4.077195723948409678e-02,-1.121611175391218768e-01,3.062708956276928296e-01,-2.018578425681292199e-01,3.578043534974875706e-02,2.188532093720617008e-02,0.000000000000000000e+00,0.000000000000000000e+00,0.000000000000000000e+00,0.000000000000000000e+00,0.000000000000000000e+00,0.000000000000000000e+00,0.000000000000000000e+00,0.000000000000000000e+00,0.000000000000000000e+00,0.000000000000000000e+00
-4.722546040924859023e-02,-3.309718434491142752e-02,9.246012535326272319e-01,2.952705786112529845e-02,-1.793634991755132038e-02,-6.960739499798613839e-01,-7.171384080950716777e-01,-2.951704073350965851e-01,6.967734099534217407e-02,2.005726462716602154e-01,1.867252661159246874e-01,-5.240992515795034334e-02,7.183993259853339863e-02,-3.684131018326975426e-01,-4.084120032576298021e-02,-1.114732289393056130e-01,3.073028460238320103e-01,-2.027500481388394560e-01,3.519158522362278441e-02,2.105956890275843818e-02,0.000000000000000000e+00,0.000000000000000000e+00,0.000000000000000000e+00,0.000000000000000000e+00,0.000000000000000000e+00,0.000000000000000000e+00,0.000000000000000000e+00,0.000000000000000000e+00,0.000000000000000000e+00,0.000000000000000000e+00
-4.737188014103956013e-02,-3.280864170063246821e-02,9.246346348318970065e-01,2.932443404770634920e-02,-1.788698369434530561e-02,-6.955820631082422212e-01,-7.176250600865192730e-01,-2.937149224847133699e-01,6.922399728748798720e-02,2.007205264069512607e-01,1.858792471052987394e-01,-5.261281701313320902e-02,7.177808224032891649e-02,-3.673563288871477539e-01,-4.080778719005134086e-02,-1.100929103984638335e-01,3.060492185114357944e-01,-2.021925814465161675e-01,3.589844626936918720e-02,2.048277559669793579e-02,0.000000000000000000e+00,0.000000000000000000e+00,0.000000000000000000e+00,0.000000000000000000e+00,0.000000000000000000e+00,0.000000000000000000e+00,0.000000000000000000e+00,0.000000000000000000e+00,0.000000000000000000e+00,0.000000000000000000e+00
-4.745944906716281081e-02,-3.240488662414833104e-02,9.246650516270346065e-01,2.904370377406092010e-02,-1.778499089754360940e-02,-6.948673722659058916e-01,-7.183310464751840874e-01,-2.919413445601891088e-01,6.908958008698944109e-02,2.018533499734604941e-01,1.854457282612859970e-01,-5.304912071335020352e-02,7.166195721387406958e-02,-3.663040430864336061e-01,-4.076321622551671436e-02,-1.089896966430678737e-01,3.054018277357247180e-01,-2.020709279395459523e-01,3.605224543125633285e-02,1.965114842796354677e-02,0.000000000000000000e+00,0.000000000000000000e+00,0.000000000000000000e+00,0.000000000000000000e+00,0.000000000000000000e+00,0.000000000000000000e+00,0.000000000000000000e+00,0.000000000000000000e+00,0.000000000000000000e+00,0.000000000000000000e+00
-4.736825098352063362e-02,-3.212709508098990363e-02,9.246818583376484879e-01,2.891672104470407664e-02,-1.774228065392454909e-02,-6.942044199677060989e-01,-7.189779259605402206e-01,-2.910149114311205709e-01,6.943827583522713121e-02,2.029556288047738577e-01,1.855712608725593737e-01,-5.297250404648044114e-02,7.127427583845054315e-02,-3.653735649074469349e-01,-4.032387630962050440e-02,-1.080923093399569351e-01,3.039974577418355639e-01,-2.013723386550003158e-01,3.610204276963299708e-02,1.907075729305581641e-02,0.000000000000000000e+00,0.000000000000000000e+00,0.000000000000000000e+00,0.000000000000000000e+00,0.000000000000000000e+00,0.000000000000000000e+00,0.000000000000000000e+00,0.000000000000000000e+00,0.000000000000000000e+00,0.000000000000000000e+00
-4.752660944505480989e-02,-3.197089797788758153e-02,9.247060236348140227e-01,2.868622878135743820e-02,-1.748689026720265383e-02,-6.940712727274607197e-01,-7.191219488526048309e-01,-2.900099909487067751e-01,6.910101803605162019e-02,2.022287221294201409e-01,1.855609411697641820e-01,-5.332851843154102350e-02,7.181600025390746933e-02,-3.638012211791435968e-01,-4.024535272863540708e-02,-1.074357405871274873e-01,3.024931868560342685e-01,-2.006036437427096142e-01,3.631322948733763795e-02,1.844450956008468825e-02,0.000000000000000000e+00,0.000000000000000000e+00,0.000000000000000000e+00,0.000000000000000000e+00,0.000000000000000000e+00,0.000000000000000000e+00,0.000000000000000000e+00,0.000000000000000000e+00,0.000000000000000000e+00,0.000000000000000000e+00
-4.747723251651517207e-02,-3.186208422946950475e-02,9.247169055301213136e-01,2.836075898062031392e-02,-1.723580114167041349e-02,-6.938894765833283351e-01,-7.193163343035953172e-01,-2.887325847306485560e-01,6.911227004562184306e-02,2.026009700228391108e-01,1.853691449104198641e-01,-5.349056912848058898e-02,7.182779828958298085e-02,-3.625742760443198542e-01,-4.021529537986376357e-02,-1.073675046860930182e-01,3.019295757509916078e-01,-2.003288267469896244e-01,3.587707493908200845e-02,1.799063757220661225e-02,0.000000000000000000e+00,0.000000000000000000e+00,0.000000000000000000e+00,0.000000000000000000e+00,0.000000000000000000e+00,0.000000000000000000e+00,0.000000000000000000e+00,0.000000000000000000e+00,0.000000000000000000e+00,0.000000000000000000e+00
-4.727678398024606071e-02,-3.157518577475714600e-02,9.247131953652716341e-01,2.836401195199263203e-02,-1.730929643117559008e-02,-6.935651005604773767e-01,-7.196272106914656241e-01,-2.884922152443106791e-01,6.929907561756126766e-02,2.025463947434249790e-01,1.855109300974435715e-01,-5.294538472442152782e-02,7.249712026641395857e-02,-3.627623383098763643e-01,-3.960522872767480163e-02,-1.059586522210386184e-01,3.023560024775147625e-01,-2.005662756605761377e-01,3.492786854055175000e-02,1.775933781388617377e-02,0.000000000000000000e+00,0.000000000000000000e+00,0.000000000000000000e+00,0.000000000000000000e+00,0.000000000000000000e+00,0.000000000000000000e+00,0.000000000000000000e+00,0.000000000000000000e+00,0.000000000000000000e+00,0.000000000000000000e+00
-4.710647928547157665e-02,-3.171381702745754844e-02,9.246784847307741861e-01,2.808186632943614897e-02,-1.718150088028508674e-02,-6.931920387183487797e-01,-7.200006960194238470e-01,-2.888116146966825948e-01,6.946480062737347971e-02,2.023240036941414410e-01,1.874699198477359774e-01,-5.361415306534707964e-02,7.318130530696927150e-02,-3.631411100536647840e-01,-3.933211691595610987e-02,-1.048729302069212749e-01,3.036726750338144543e-01,-2.014200524803052283e-01,3.450433204591469433e-02,1.740315836326749438e-02,0.000000000000000000e+00,0.000000000000000000e+00,0.000000000000000000e+00,0.000000000000000000e+00,0.000000000000000000e+00,0.000000000000000000e+00,0.000000000000000000e+00,0.000000000000000000e+00,0.000000000000000000e+00,0.000000000000000000e+00
-4.688239524237387823e-02,-3.164890843122993014e-02,9.246771170182607191e-01,2.812514639694603871e-02,-1.731670256636923602e-02,-6.931204909757148203e-01,-7.200646449742976740e-01,-2.885781927840779804e-01,6.965197662383679211e-02,2.027596206973031334e-01,1.866786603532099020e-01,-5.296794039271698895e-02,7.253692198250895340e-02,-3.632869847630932347e-01,-3.915346171475823228e-02,-1.048926135883804789e-01,3.034686714089609438e-01,-2.016176522581797914e-01,3.416791960521793625e-02,1.725893637987465160e-02,0.000000000000000000e+00,0.000000000000000000e+00,0.000000000000000000e+00,0.000000000000000000e+00,0.000000000000000000e+00,0.000000000000000000e+00,0.000000000000000000e+00,0.000000000000000000e+00,0.000000000000000000e+00,0.000000000000000000e+00
-4.629223762923395658e-02,-3.139975496558881224e-02,9.246676696792162087e-01,2.798864580603018654e-02,-1.741712583567224873e-02,-6.928453832980073779e-01,-7.203322526974653695e-01,-2.886915483703299534e-01,7.028384207572545284e-02,2.030601462526415435e-01,1.881130727299263061e-01,-5.365375293540003421e-02,7.225891467411377223e-02,-3.639535467435675575e-01,-3.859324320968009897e-02,-1.042184322932498686e-01,3.055474497492562391e-01,-2.038932695985564147e-01,3.334677081279476679e-02,1.725715354210969471e-02,0.000000000000000000e+00,0.000000000000000000e+00,0.000000000000000000e+00,0.000000000000000000e+00,0.000000000000000000e+00,0.000000000000000000e+00,0.000000000000000000e+00,0.000000000000000000e+00,0.000000000000000000e+00,0.000000000000000000e+00
-4.574602369710709798e-02,-3.113312363088171011e-02,9.246801278699432469e-01,2.800592290599837608e-02,-1.740094749051316128e-02,-6.928317128340634179e-01,-7.203451207581214044e-01,-2.883390148248412554e-01,7.105067235695371186e-02,2.028094894397826087e-01,1.880523675602643052e-01,-5.303380150730589715e-02,7.158073627461519761e-02,-3.631491290698128371e-01,-3.775828155798229002e-02,-1.043441524201767362e-01,3.046049865568847825e-01,-2.039502787033113940e-01,3.268524384040083497e-02,1.732874803983877610e-02,0.000000000000000000e+00,0.000000000000000000e+00,0.000000000000000000e+00,0.000000000000000000e+00,0.000000000000000000e+00,0.000000000000000000e+00,0.000000000000000000e+00,0.000000000000000000e+00,0.000000000000000000e+00,0.000000000000000000e+00
-4.549147992642087884e-02,-3.151489249620972877e-02,9.246533294693154437e-01,2.768065389534332676e-02,-1.707153602619322294e-02,-6.928888406625877128e-01,-7.203106264264651504e-01,-2.888345933612021521e-01,7.146689447171122866e-02,2.022151346522482185e-01,1.901532476359993340e-01,-5.367981891501426989e-02,7.211053119846044801e-02,-3.630424235195131577e-01,-3.719652161138221197e-02,-1.035394332347062962e-01,3.055678367550017649e-01,-2.046646842166775782e-01,3.144702094252336405e-02,1.743515550624057109e-02,0.000000000000000000e+00,0.000000000000000000e+00,0.000000000000000000e+00,0.000000000000000000e+00,0.000000000000000000e+00,0.000000000000000000e+00,0.000000000000000000e+00,0.000000000000000000e+00,0.000000000000000000e+00,0.000000000000000000e+00
-4.515961792900168720e-02,-3.135033447848165761e-02,9.246382866438914716e-01,2.763669439414560142e-02,-1.707008461257682880e-02,-6.931112873607508940e-01,-7.200983048635829498e-01,-2.886026746228462780e-01,7.161625002253493855e-02,2.013630810209414146e-01,1.898137226282129997e-01,-5.278178638699495412e-02,7.188649470302388433e-02,-3.632619768423128170e-01,-3.700999567083461395e-02,-1.038758684189742820e-01,3.069363812875157693e-01,-2.058541846565808131e-01,3.080086057333593363e-02,1.768524530485669419e-02,0.000000000000000000e+00,0.000000000000000000e+00,0.000000000000000000e+00,0.000000000000000000e+00,0.000000000000000000e+00,0.000000000000000000e+00,0.000000000000000000e+00,0.000000000000000000e+00,0.000000000000000000e+00,0.000000000000000000e+00
-4.499851982707461784e-02,-3.153681950500020204e-02,9.246170752137078397e-01,2.755139822685304107e-02,-1.690690072168855515e-02,-6.933106526497662125e-01,-7.199134781944886985e-01,-2.892722636962486438e-01,7.169887683718802196e-02,1.997037956076618825e-01,1.909812870269007312e-01,-5.249158963841847603e-02,7.272204752169246500e-02,-3.633998756110726203e-01,-3.653719826094516121e-02,-1.033690067249673217e-01,3.076712596526074428e-01,-2.063004197258987982e-01,2.935324035547618934e-02,1.800379821868004077e-02,0.000000000000000000e+00,0.000000000000000000e+00,0.000000000000000000e+00,0.000000000000000000e+00,0.000000000000000000e+00,0.000000000000000000e+00,0.000000000000000000e+00,0.000000000000000000e+00,0.000000000000000000e+00,0.000000000000000000e+00
-4.467468349982554182e-02,-3.179343052685670856e-02,9.245830286720477798e-01,2.756726802941591309e-02,-1.695863847979657210e-02,-6.934720398773448480e-01,-7.197561949873434450e-01,-2.909039368936886527e-01,7.209420926913831518e-02,1.988529241712533313e-01,1.931531197495391927e-01,-5.262361184924540386e-02,7.318381670771863245e-02,-3.643565512023412278e-01,-3.604713993568260666e-02,-1.028729902059154211e-01,3.088106716361864179e-01,-2.066942434360262149e-01,2.788600558020720016e-02,1.866143052518678958e-02,0.000000000000000000e+00,0.000000000000000000e+00,0.000000000000000000e+00,0.000000000000000000e+00,0.000000000000000000e+00,0.000000000000000000e+00,0.000000000000000000e+00,0.000000000000000000e+00,0.000000000000000000e+00,0.000000000000000000e+00
-4.422150349153660537e-02,-3.172582522616412132e-02,9.245692885285325957e-01,2.759783640462080620e-02,-1.713846782448491882e-02,-6.936444679801127000e-01,-7.195845915436196449e-01,-2.914045967259224490e-01,7.240037407221060206e-02,1.984025501773734601e-01,1.934184865442518109e-01,-5.204363045607356131e-02,7.236059899533012207e-02,-3.653133490076803103e-01,-3.584117196660607102e-02,-1.032785078747141955e-01,3.105617154511678968e-01,-2.078829209639851128e-01,2.641871902129232924e-02,1.891309979631368432e-02,0.000000000000000000e+00,0.000000000000000000e+00,0.000000000000000000e+00,0.000000000000000000e+00,0.000000000000000000e+00,0.000000000000000000e+00,0.000000000000000000e+00,0.000000000000000000e+00,0.000000000000000000e+00,0.000000000000000000e+00
-4.404840862232727028e-02,-3.144332735698165959e-02,9.245812095436080069e-01,2.780810968845487396e-02,-1.731424930216463043e-02,-6.939231441278821411e-01,-7.193035491712317375e-01,-2.917759000945771564e-01,7.258353024551719712e-02,1.981026244491500554e-01,1.932938665513111720e-01,-5.160930297697185337e-02,7.212502253946291575e-02,-3.652268816238365967e-01,-3.568451203536575356e-02,-1.036573441910235427e-01,3.101118707010385167e-01,-2.075415008735294886e-01,2.620713878051714532e-02,1.948386421368671767e-02,0.000000000000000000e+00,0.000000000000000000e+00,0.000000000000000000e+00,0.000000000000000000e+00,0.000000000000000000e+00,0.000000000000000000e+00,0.000000000000000000e+00,0.000000000000000000e+00,0.000000000000000000e+00,0.000000000000000000e+00
-4.410052941156649559e-02,-3.151577926133870833e-02,9.245708029331158873e-01,2.790714495579212778e-02,-1.736721514986980588e-02,-6.939725123978321975e-01,-7.192508068362478690e-01,-2.925628353955952998e-01,7.260592744802008003e-02,1.978621004836996211e-01,1.940543233204671536e-01,-5.160500847977383954e-02,7.258631190220478369e-02,-3.658255750273333717e-01,-3.553438088410345447e-02,-1.031660769774806891e-01,3.105976382501358102e-01,-2.073100848051820932e-01,2.547901626768987043e-02,1.955711022725794418e-02,0.000000000000000000e+00,0.000000000000000000e+00,0.000000000000000000e+00,0.000000000000000000e+00,0.000000000000000000e+00,0.000000000000000000e+00,0.000000000000000000e+00,0.000000000000000000e+00,0.000000000000000000e+00,0.000000000000000000e+00
-4.382021940415792294e-02,-3.144549281688346909e-02,9.245858369112506248e-01,2.793095656385852915e-02,-1.745654232630764607e-02,-6.940990664993131887e-01,-7.191255917294405720e-01,-2.922781769906872551e-01,7.260503400017287445e-02,1.971981980846268523e-01,1.929732946451181985e-01,-5.082780757001154753e-02,7.276249225487844974e-02,-3.659285902507015131e-01,-3.517978994894758321e-02,-1.028734489484549874e-01,3.107362445757052560e-01,-2.074735713811856064e-01,2.464245023956189093e-02,1.950577120755797589e-02,0.000000000000000000e+00,0.000000000000000000e+00,0.000000000000000000e+00,0.000000000000000000e+00,0.000000000000000000e+00,0.000000000000000000e+00,0.000000000000000000e+00,0.000000000000000000e+00,0.000000000000000000e+00,0.000000000000000000e+00
-4.400973717238647331e-02,-3.183664381733973536e-02,9.245736511563662496e-01,2.789483167520972334e-02,-1.726099482506775543e-02,-6.946368470763946146e-01,-7.186122647904255034e-01,-2.934752665572871178e-01,7.246688469149786815e-02,1.961190518101269542e-01,1.945502957007476386e-01,-5.131099822425531920e-02,7.292252803264752392e-02,-3.655806311210307302e-01,-3.537108602720634432e-02,-1.033730066141995974e-01,3.101462236476615342e-01,-2.066340404066337733e-01,2.423665187143803426e-02,2.012839929137894002e-02,0.000000000000000000e+00,0.000000000000000000e+00,0.000000000000000000e+00,0.000000000000000000e+00,0.000000000000000000e+00,0.000000000000000000e+00,0.000000000000000000e+00,0.000000000000000000e+00,0.000000000000000000e+00,0.000000000000000000e+00
-4.414568577228555890e-02,-3.203657863526132576e-02,9.245785201127129094e-01,2.824823475114773830e-02,-1.732675089536919039e-02,-6.950151996933109366e-01,-7.182309469328924667e-01,-2.951619759055396086e-01,7.274755011517472503e-02,1.955384189434622999e-01,1.955915459655693800e-01,-5.116535540379779645e-02,7.274747535820121069e-02,-3.649411566835277232e-01,-3.515928678571880739e-02,-1.039156259302797675e-01,3.071288016589610592e-01,-2.045486788584382487e-01,2.487399742861846202e-02,2.066950908417965194e-02,0.000000000000000000e+00,0.000000000000000000e+00,0.000000000000000000e+00,0.000000000000000000e+00,0.000000000000000000e+00,0.000000000000000000e+00,0.000000000000000000e+00,0.000000000000000000e+00,0.000000000000000000e+00,0.000000000000000000e+00
-4.420508673842817732e-02,-3.219217662498288085e-02,9.245557588206267940e-01,2.830626855187544366e-02,-1.733469397266374987e-02,-6.954444729002622338e-01,-7.178128228570579417e-01,-2.966276763368323466e-01,7.267421428755484192e-02,1.946944936161965067e-01,1.974535925534222081e-01,-5.146010362295364016e-02,7.318202778999503832e-02,-3.653039643156832939e-01,-3.517751438417340837e-02,-1.036075421634837512e-01,3.074218189314712468e-01,-2.038805306839092113e-01,2.433728074531025035e-02,2.076067868628768409e-02,0.000000000000000000e+00,0.000000000000000000e+00,0.000000000000000000e+00,0.000000000000000000e+00,0.000000000000000000e+00,0.000000000000000000e+00,0.000000000000000000e+00,0.000000000000000000e+00,0.000000000000000000e+00,0.000000000000000000e+00
-4.409208297709925339e-02,-3.245734839040521208e-02,9.245391397822626534e-01,2.837204632708621721e-02,-1.731364250038145217e-02,-6.956129535057252733e-01,-7.176474647663869666e-01,-2.978811333679093343e-01,7.298848656502091026e-02,1.941474701619923526e-01,1.988716316696727548e-01,-5.149213966948557042e-02,7.357830806868566331e-02,-3.652426855634863800e-01,-3.472818025166132805e-02,-1.032000132014590232e-01,3.064340926921804709e-01,-2.031799894486485125e-01,2.375461649188222168e-02,2.106134169577854320e-02,0.000000000000000000e+00,0.000000000000000000e+00,0.000000000000000000e+00,0.000000000000000000e+00,0.000000000000000000e+00,0.000000000000000000e+00,0.000000000000000000e+00,0.000000000000000000e+00,0.000000000000000000e+00,0.000000000000000000e+00
-4.381205107934290494e-02,-3.278823505642803476e-02,9.245155221057028694e-01,2.827283651477693893e-02,-1.716748770292676057e-02,-6.959525291692276738e-01,-7.173255894113442777e-01,-2.995713281905624248e-01,7.343315179931897418e-02,1.930321625434671950e-01,2.018946074642436750e-01,-5.238348903453406147e-02,7.413316522579881107e-02,-3.651844057111881536e-01,-3.432838651272848707e-02,-1.032579747942723725e-01,3.065518100142994307e-01,-2.032151282406254311e-01,2.292615950519048471e-02,2.147858205880269489e-02,0.000000000000000000e+00,0.000000000000000000e+00,0.000000000000000000e+00,0.000000000000000000e+00,0.000000000000000000e+00,0.000000000000000000e+00,0.000000000000000000e+00,0.000000000000000000e+00,0.000000000000000000e+00,0.000000000000000000e+00
-4.379164845186522825e-02,-3.299815360943772480e-02,9.245151853684484555e-01,2.817605857897810540e-02,-1.697741575891122817e-02,-6.961872059957592285e-01,-7.171061645843800347e-01,-2.996175256362484940e-01,7.355949517997041609e-02,1.927803744643239447e-01,2.020980015421861842e-01,-5.224607752099744151e-02,7.401943335419704229e-02,-3.644973756523576247e-01,-3.420865048081125209e-02,-1.034909142737146376e-01,3.057257934152596279e-01,-2.027272452704788619e-01,2.280908558930538205e-02,2.156481094524231867e-02,0.000000000000000000e+00,0.000000000000000000e+00,0.000000000000000000e+00,0.000000000000000000e+00,0.000000000000000000e+00,0.000000000000000000e+00,0.000000000000000000e+00,0.000000000000000000e+00,0.000000000000000000e+00,0.000000000000000000e+00
-4.359743690200955368e-02,-3.314969977386270777e-02,9.244976621638266723e-01,2.822724459547554937e-02,-1.698113774751894983e-02,-6.962742412691595995e-01,-7.170195566150210364e-01,-3.005516616653179929e-01,7.401740577905932539e-02,1.927051023400586649e-01,2.033121528438825432e-01,-5.230064895207653386e-02,7.391709018085829141e-02,-3.645663400723334058e-01,-3.384342530165100615e-02,-1.035105203923493006e-01,3.053173634471359477e-01,-2.023192313949492005e-01,2.241859104764026486e-02,2.193722698832880486e-02,0.000000000000000000e+00,0.000000000000000000e+00,0.000000000000000000e+00,0.000000000000000000e+00,0.000000000000000000e+00,0.000000000000000000e+00,0.000000000000000000e+00,0.000000000000000000e+00,0.000000000000000000e+00,0.000000000000000000e+00
-4.324302101872605497e-02,-3.351229320905391162e-02,9.244861396189339997e-01,2.809696826005084191e-02,-1.685009551168797221e-02,-6.966138170776218219e-01,-7.166978613839899426e-01,-3.010397582392869698e-01,7.419462612501837029e-02,1.914140893897529616e-01,2.037058819305255508e-01,-5.192256008688141827e-02,7.421703594430544004e-02,-3.645557741703290833e-01,-3.344380729543391939e-02,-1.037653735240460784e-01,3.055442743009046946e-01,-2.025778735312273870e-01,2.104594288851842354e-02,2.196387971374771236e-02,0.000000000000000000e+00,0.000000000000000000e+00,0.000000000000000000e+00,0.000000000000000000e+00,0.000000000000000000e+00,0.000000000000000000e+00,0.000000000000000000e+00,0.000000000000000000e+00,0.000000000000000000e+00,0.000000000000000000e+00
-4.312637010855657066e-02,-3.350607075565872894e-02,9.244877569227428760e-01,2.816951293615608393e-02,-1.685458244145713463e-02,-6.970935182825421794e-01,-7.162283353513243522e-01,-3.015436824478210376e-01,7.422036017839006572e-02,1.905055134393732197e-01,2.039205852287422072e-01,-5.178636727513459548e-02,7.390728545739827515e-02,-3.643509683787430342e-01,-3.345041388747126143e-02,-1.045615742132543213e-01,3.054205577264307858e-01,-2.025791741974483362e-01,2.044953666358255776e-02,2.209246597800378076e-02,0.000000000000000000e+00,0.000000000000000000e+00,0.000000000000000000e+00,0.000000000000000000e+00,0.000000000000000000e+00,0.000000000000000000e+00,0.000000000000000000e+00,0.000000000000000000e+00,0.000000000000000000e+00,0.000000000000000000e+00
-4.315308723331030133e-02,-3.305406985608982245e-02,9.245287741707542972e-01,2.863880755504360012e-02,-1.715114882728198398e-02,-6.976051771055471473e-01,-7.157043200032159325e-01,-3.020937842203682000e-01,7.417421307435725919e-02,1.899642090995909416e-01,2.031648712442978844e-01,-5.167438798536665157e-02,7.372204431169633587e-02,-3.639820365132188096e-01,-3.336349020851252928e-02,-1.050350170997447763e-01,3.038252342879992907e-01,-2.019426375821352648e-01,2.073500616720788670e-02,2.215562767549004303e-02,0.000000000000000000e+00,0.000000000000000000e+00,0.000000000000000000e+00,0.000000000000000000e+00,0.000000000000000000e+00,0.000000000000000000e+00,0.000000000000000000e+00,0.000000000000000000e+00,0.000000000000000000e+00,0.000000000000000000e+00
-4.317172885325760295e-02,-3.409981991490822900e-02,9.244415815434652295e-01,2.854693779457553870e-02,-1.662438746916745577e-02,-6.979925670111509772e-01,-7.153426301297943768e-01,-3.060912999597084627e-01,7.545533112047440871e-02,1.895406450996774406e-01,2.102427871545305416e-01,-5.324410068088752945e-02,7.466176782698122349e-02,-3.629860818368205733e-01,-3.283395630304394852e-02,-1.059147551508024948e-01,3.012526737290212031e-01,-1.997801581660436088e-01,2.072469735412396305e-02,2.697069561562102577e-02,0.000000000000000000e+00,0.000000000000000000e+00,0.000000000000000000e+00,0.000000000000000000e+00,0.000000000000000000e+00,0.000000000000000000e+00,0.000000000000000000e+00,0.000000000000000000e+00,0.000000000000000000e+00,0.000000000000000000e+00
